100 4370
100 4398
100 4326
110 4882
110 4878
110 4868
120 5432
120 5396
120 5464
130 5966
130 6012
130 6004
140 6630
140 6608
140 6622
150 7196
150 7252
150 7202
160 7862
160 7844
160 7854
170 8418
170 8444
170 8428
180 9024
180 9046
180 9064
190 9698
190 9714
190 9692
200 10284
200 10352
200 10264
210 10956
210 10922
210 10842
220 11448
220 11562
220 11466
230 12156
230 12048
230 12126
240 12752
240 12756
240 12760
250 13360
250 13328
250 13446
260 14018
260 14060
260 14074
270 14706
270 14752
270 14648
280 15460
280 15366
280 15400
290 16094
290 16124
290 16054
300 16840
300 16746
300 16816
310 17502
310 17466
310 17518
320 18234
320 18128
320 18268
330 18862
330 18932
330 18858
340 19592
340 19622
340 19584
350 20322
350 20294
350 20196
360 20938
360 21022
360 20934
370 21618
370 21708
370 21718
380 22382
380 22382
380 22336
390 23102
390 23028
390 23064
400 23778
400 23718
400 23718
410 24530
410 24488
410 24522
420 25086
420 25210
420 25206
430 25832
430 25784
430 25888
440 26530
440 26478
440 26474
450 27176
450 27208
450 27324
460 27860
460 27974
460 27958
470 28536
470 28608
470 28620
480 29248
480 29372
480 29310
490 29974
490 30054
490 29914
500 30732
500 30796
500 30620
510 31338
510 31336
510 31334
520 32198
520 32248
520 32134
530 32924
530 32936
530 33002
540 33646
540 33780
540 33662
550 34444
550 34504
550 34400
560 35396
560 35286
560 35222
570 35984
570 36050
570 35992
580 36758
580 36802
580 36924
590 37572
590 37550
590 37564
600 38300
600 38426
600 38452
610 39002
610 39194
610 39212
620 39998
620 39970
620 39922
630 40736
630 40786
630 40776
640 41526
640 41538
640 41606
650 42116
650 42342
650 42306
660 43006
660 43046
660 43100
670 43846
670 43840
670 43776
680 44546
680 44698
680 44478
690 45324
690 45332
690 45334
700 46148
700 46140
700 46022
710 46806
710 46890
710 46822
720 47628
720 47604
720 47694
730 48490
730 48458
730 48354
740 49184
740 49284
740 49206
750 49998
750 49988
750 50030
760 50796
760 50786
760 50702
770 51472
770 51594
770 51472
780 52352
780 52332
780 52246
790 53182
790 53128
790 53008
800 53928
800 53888
800 53904
810 54822
810 54626
810 54652
820 55434
820 55294
820 55484
830 56184
830 56128
830 56210
840 57224
840 56804
840 57094
850 57778
850 57740
850 57710
860 58506
860 58464
860 58546
870 59374
870 59300
870 59312
880 60044
880 60104
880 60122
890 60870
890 60800
890 60988
900 61660
900 61738
900 61662
910 62462
910 62310
910 62424
920 63120
920 63254
920 63272
930 64112
930 64074
930 63940
940 64716
940 64756
940 64750
950 65486
950 65404
950 65420
960 66228
960 66352
960 66160
970 67030
970 67136
970 67204
980 67866
980 67982
980 67984
990 68568
990 68802
990 68616
1000 69464
1000 69514
1000 69254
1010 70120
1010 70146
1010 70128
1020 71094
1020 70978
1020 70882
1030 71830
1030 71896
1030 71732
1040 72670
1040 72654
1040 72560
1050 73572
1050 73568
1050 73406
1060 74400
1060 74296
1060 74236
1070 75218
1070 75196
1070 75154
1080 76228
1080 76088
1080 76072
1090 76834
1090 76986
1090 77002
1100 77938
1100 77758
1100 77746
1110 78580
1110 78640
1110 78728
1120 79436
1120 79438
1120 79564
1130 80246
1130 80324
1130 80438
1140 81090
1140 81280
1140 81172
1150 82132
1150 82042
1150 82070
1160 82766
1160 82912
1160 82794
1170 83784
1170 83766
1170 83618
1180 84634
1180 84536
1180 84704
1190 85734
1190 85522
1190 85494
1200 86168
1200 86412
1200 86358
1210 87246
1210 87270
1210 87140
1220 88094
1220 88240
1220 87978
1230 88922
1230 88876
1230 89112
1240 89888
1240 89676
1240 89686
1250 90476
1250 90628
1250 90516
1260 91274
1260 91686
1260 91430
1270 92434
1270 92234
1270 92282
1280 93038
1280 93226
1280 93120
1290 93916
1290 94034
1290 93932
1300 94832
1300 94820
1300 94782
1310 95766
1310 95716
1310 95662
1320 96642
1320 96542
1320 96594
1330 97444
1330 97302
1330 97526
1340 98228
1340 98456
1340 98598
1350 99108
1350 98938
1350 99318
1360 99866
1360 100048
1360 100068
1370 100866
1370 100644
1370 100890
1380 101730
1380 101810
1380 101788
1390 102572
1390 102654
1390 102354
1400 103452
1400 103450
1400 103416
1410 104246
1410 104242
1410 104246
1420 105254
1420 105184
1420 105046
1430 105842
1430 105964
1430 106014
1440 107004
1440 106652
1440 106892
1450 107750
1450 107730
1450 107640
1460 108458
1460 108454
1460 108760
1470 109340
1470 109362
1470 109370
1480 110176
1480 110232
1480 110360
1490 111104
1490 110868
1490 111016
1500 112080
1500 111706
1500 111760
1510 112834
1510 112860
1510 112914
1520 113446
1520 113700
1520 113800
1530 114478
1530 114434
1530 114608
1540 115222
1540 115526
1540 115488
1550 116060
1550 116066
1550 116260
1560 117380
1560 117188
1560 117374
1570 117960
1570 117920
1570 117886
1580 118792
1580 118824
1580 118680
1590 119698
1590 119726
1590 119634
1600 120368
1600 120430
1600 120624
1610 121426
1610 121098
1610 121426
1620 122444
1620 122158
1620 122220
1630 123150
1630 123146
1630 123122
1640 123842
1640 124080
1640 123886
1650 124758
1650 124622
1650 124708
1660 125630
1660 125700
1660 125730
1670 126284
1670 126528
1670 126426
1680 127370
1680 127258
1680 127362
1690 128348
1690 128034
1690 128184
1700 129182
1700 129044
1700 128988
1710 129788
1710 129924
1710 129898
1720 130830
1720 130596
1720 130866
1730 131470
1730 131776
1730 131424
1740 132572
1740 132346
1740 132546
1750 133378
1750 133398
1750 133448
1760 134308
1760 134290
1760 134158
1770 135254
1770 135390
1770 134994
1780 135688
1780 135878
1780 135880
1790 136864
1790 136950
1790 136700
1800 137494
1800 137658
1800 137720
1810 138468
1810 138540
1810 138556
1820 139592
1820 139096
1820 139226
1830 140332
1830 140306
1830 140378
1840 141050
1840 141116
1840 141060
1850 141814
1850 141992
1850 141828
1860 142640
1860 142716
1860 142886
1870 143788
1870 143848
1870 143700
1880 144482
1880 144506
1880 144388
1890 145458
1890 145422
1890 145262
1900 146248
1900 146128
1900 146216
1910 146946
1910 147060
1910 147058
1920 147936
1920 147946
1920 147940
1930 148654
1930 148936
1930 148686
1940 149588
1940 149434
1940 149590
1950 150706
1950 150410
1950 150516
1960 151238
1960 150958
1960 151256
1970 152186
1970 152200
1970 152080
1980 153032
1980 153172
1980 152706
1990 153742
1990 153824
1990 153920
2000 154678
2000 154760
2000 154838
2010 155696
2010 155464
2010 155472
2020 156460
2020 156360
2020 156342
2030 157240
2030 157406
2030 157282
2040 157988
2040 158150
2040 158134
2050 159092
2050 158946
2050 159228
2060 160000
2060 159790
2060 160020
2070 161116
2070 160912
2070 160924
2080 162044
2080 161738
2080 161984
2090 162880
2090 162894
2090 162670
2100 163818
2100 163776
2100 163794
2110 164882
2110 164678
2110 164608
2120 165726
2120 165468
2120 165728
2130 166698
2130 166686
2130 166552
2140 167316
2140 167610
2140 167162
2150 168492
2150 168320
2150 168396
2160 169374
2160 169242
2160 169236
2170 170170
2170 170190
2170 170250
2180 171022
2180 170964
2180 171284
2190 172372
2190 172030
2190 172080
2200 172940
2200 173034
2200 173032
2210 174178
2210 174298
2210 173956
2220 174856
2220 175024
2220 174946
2230 176022
2230 175910
2230 175948
2240 176904
2240 176740
2240 176850
2250 177684
2250 177776
2250 177698
2260 178648
2260 178652
2260 178804
2270 179798
2270 179466
2270 179728
2280 180610
2280 180692
2280 180518
2290 181454
2290 181550
2290 181522
2300 182406
2300 182612
2300 182830
2310 183546
2310 183416
2310 183292
2320 184236
2320 184418
2320 184470
2330 185244
2330 185240
2330 185502
2340 186180
2340 186138
2340 186334
2350 187114
2350 187162
2350 187000
2360 188008
2360 188106
2360 188210
2370 188906
2370 188912
2370 188996
2380 189878
2380 190102
2380 189978
2390 190804
2390 190828
2390 190934
2400 191918
2400 191850
2400 191804
2410 192772
2410 192804
2410 192782
2420 193736
2420 193770
2420 193626
2430 194304
2430 194770
2430 194758
2440 195508
2440 195558
2440 195402
2450 196398
2450 196232
2450 196238
2460 197182
2460 197532
2460 197252
2470 198264
2470 198316
2470 198186
2480 199482
2480 199372
2480 199216
2490 200352
2490 200138
2490 200146
2500 201232
2500 201074
2500 201062
2510 202272
2510 202186
2510 202174
2520 203254
2520 203014
2520 203022
2530 203930
2530 203772
2530 203982
2540 204948
2540 204792
2540 204868
2550 205708
2550 205910
2550 205630
2560 206898
2560 206646
2560 206854
2570 207686
2570 207842
2570 207634
2580 208730
2580 208708
2580 208802
2590 209666
2590 209144
2590 209498
2600 210402
2600 210420
2600 210414
2610 211258
2610 211290
2610 211354
2620 212310
2620 212296
2620 212350
2630 213254
2630 213074
2630 213154
2640 214214
2640 214286
2640 214248
2650 215000
2650 214896
2650 215052
2660 216474
2660 215926
2660 216212
2670 216870
2670 217458
2670 217214
2680 217754
2680 217926
2680 217954
2690 219200
2690 218898
2690 218518
2700 219848
2700 220074
2700 219992
2710 220910
2710 221020
2710 220954
2720 221744
2720 221460
2720 221780
2730 222598
2730 222448
2730 222772
2740 223934
2740 223720
2740 223598
2750 224588
2750 224552
2750 224794
2760 225410
2760 225510
2760 225618
2770 226622
2770 226238
2770 226482
2780 227300
2780 227656
2780 227294
2790 228420
2790 228352
2790 228146
2800 229124
2800 229272
2800 229170
2810 230148
2810 230402
2810 230284
2820 231026
2820 230880
2820 231382
2830 232094
2830 231916
2830 232362
2840 232752
2840 233042
2840 232826
2850 233866
2850 233836
2850 233850
2860 234614
2860 234640
2860 234714
2870 235688
2870 235602
2870 235578
2880 236964
2880 236524
2880 236704
2890 237664
2890 237904
2890 237786
2900 238780
2900 238698
2900 238654
2910 239494
2910 239462
2910 239462
2920 240540
2920 240284
2920 240420
2930 241462
2930 241340
2930 241620
2940 242450
2940 242234
2940 242430
2950 243024
2950 243432
2950 243174
2960 244084
2960 244006
2960 244166
2970 245158
2970 244942
2970 245232
2980 246078
2980 246044
2980 246084
2990 246974
2990 247314
2990 246760
3000 247954
3000 248090
3000 247976
3010 248788
3010 249124
3010 249036
3020 249498
3020 249842
3020 249830
3030 250718
3030 250944
3030 250630
3040 251892
3040 251438
3040 251412
3050 252302
3050 252344
3050 252520
3060 253474
3060 253480
3060 253306
3070 254560
3070 254542
3070 254294
3080 255412
3080 255224
3080 255492
3090 256228
3090 256154
3090 256302
3100 257382
3100 257158
3100 257092
3110 258398
3110 258262
3110 258378
3120 258978
3120 259140
3120 258842
3130 259870
3130 260062
3130 260178
3140 260886
3140 261182
3140 261060
3150 261710
3150 262200
3150 262180
3160 262912
3160 262834
3160 263006
3170 263854
3170 263922
3170 263676
3180 265070
3180 265028
3180 264574
3190 265762
3190 265704
3190 265692
3200 266742
3200 266454
3200 266732
3210 267740
3210 267664
3210 267536
3220 268418
3220 268564
3220 268558
3230 269236
3230 269438
3230 269044
3240 270638
3240 270674
3240 270286
3250 271166
3250 271468
3250 271372
3260 272196
3260 272352
3260 272012
3270 273158
3270 273186
3270 273054
3280 274336
3280 274122
3280 273960
3290 274834
3290 275182
3290 275318
3300 275796
3300 275834
3300 275966
3310 276950
3310 276498
3310 276756
3320 277878
3320 277978
3320 277778
3330 278756
3330 278716
3330 279012
3340 279894
3340 279826
3340 279862
3350 280716
3350 280802
3350 280412
3360 282012
3360 281620
3360 281524
3370 282466
3370 282510
3370 282602
3380 283288
3380 283796
3380 283564
3390 284264
3390 284300
3390 284338
3400 285302
3400 285090
3400 285438
3410 286238
3410 286118
3410 286344
3420 287226
3420 287192
3420 287310
3430 288156
3430 288092
3430 287818
3440 289368
3440 289142
3440 289142
3450 289944
3450 290356
3450 290070
3460 291166
3460 291120
3460 290962
3470 291940
3470 291796
3470 292032
3480 292980
3480 292720
3480 292574
3490 294084
3490 293552
3490 293580
3500 294702
3500 294704
3500 294702
3510 295458
3510 295678
3510 295670
3520 296448
3520 296380
3520 296134
3530 297816
3530 297496
3530 297880
3540 298394
3540 298698
3540 298400
3550 299326
3550 299506
3550 299410
3560 300502
3560 300540
3560 300582
3570 301606
3570 301158
3570 300948
3580 302220
3580 302364
3580 302106
3590 302912
3590 303204
3590 303180
3600 303834
3600 304220
3600 304148
3610 304886
3610 305080
3610 305064
3620 306476
3620 305768
3620 306066
3630 306908
3630 306934
3630 306946
3640 307520
3640 308000
3640 308040
3650 308530
3650 308510
3650 308594
3660 309688
3660 309728
3660 309594
3670 310472
3670 310496
3670 310546
3680 311848
3680 311322
3680 311660
3690 312596
3690 312660
3690 312834
3700 313420
3700 313238
3700 313264
3710 314510
3710 314656
3710 314282
3720 315108
3720 315562
3720 315246
3730 316252
3730 315964
3730 316152
3740 317030
3740 317100
3740 317156
3750 318132
3750 317958
3750 318020
3760 319006
3760 319178
3760 319146
3770 319716
3770 320162
3770 319612
3780 320922
3780 320732
3780 321076
3790 321706
3790 321694
3790 321778
3800 322920
3800 323134
3800 322538
3810 323790
3810 323680
3810 323950
3820 324352
3820 324388
3820 324190
3830 325480
3830 325780
3830 325802
3840 326352
3840 326602
3840 326126
3850 327234
3850 327874
3850 327214
3860 328610
3860 328152
3860 328708
3870 329240
3870 329392
3870 329028
3880 330424
3880 330018
3880 330404
3890 331252
3890 330686
3890 331144
3900 332040
3900 331996
3900 331924
3910 333134
3910 333148
3910 333098
3920 333774
3920 333728
3920 334116
3930 334974
3930 334722
3930 334936
3940 335766
3940 335978
3940 335764
3950 336728
3950 337120
3950 336624
3960 337516
3960 337702
3960 337394
3970 339052
3970 338668
3970 338708
3980 339746
3980 339644
3980 339592
3990 340790
3990 340366
3990 340848
4000 341436
4000 341598
4000 341530
4010 342424
4010 342344
4010 342194
4020 343168
4020 343706
4020 343302
4030 344086
4030 344274
4030 344210
4040 345282
4040 345428
4040 345232
4050 346504
4050 346192
4050 346284
4060 346686
4060 347326
4060 346752
4070 347868
4070 348230
4070 347894
4080 348836
4080 348808
4080 348894
4090 349874
4090 350238
4090 350052
4100 350802
4100 350906
4100 351204
4110 351758
4110 352270
4110 351940
4120 352764
4120 352726
4120 352772
4130 354146
4130 354018
4130 353586
4140 355108
4140 355028
4140 354980
4150 356168
4150 355852
4150 356020
4160 356728
4160 357218
4160 357012
4170 358164
4170 358190
4170 358036
4180 359042
4180 359128
4180 359222
4190 359806
4190 360234
4190 360192
4200 360944
4200 361020
4200 361082
4210 362102
4210 362176
4210 362218
4220 363006
4220 363034
4220 362904
4230 364034
4230 363968
4230 364198
4240 364762
4240 365070
4240 364832
4250 366108
4250 365910
4250 366110
4260 367150
4260 367076
4260 367298
4270 368120
4270 367812
4270 368134
4280 369046
4280 368952
4280 369118
4290 370186
4290 369988
4290 370228
4300 371360
4300 370746
4300 371030
4310 372200
4310 372082
4310 372162
4320 373174
4320 373272
4320 373648
4330 374104
4330 374126
4330 374350
4340 375288
4340 374890
4340 375220
4350 376484
4350 376772
4350 375928
4360 377360
4360 377070
4360 377434
4370 378382
4370 378548
4370 378134
4380 379458
4380 379852
4380 379264
4390 380062
4390 380326
4390 380292
4400 381366
4400 381078
4400 381262
4410 382236
4410 382430
4410 382470
4420 383224
4420 383208
4420 383388
4430 384754
4430 384406
4430 384114
4440 385482
4440 385710
4440 385194
4450 386740
4450 386200
4450 386054
4460 387260
4460 387248
4460 387624
4470 388206
4470 388422
4470 388600
4480 389392
4480 389824
4480 389360
4490 390902
4490 390232
4490 390708
4500 391452
4500 391558
4500 391176
4510 392576
4510 392720
4510 392336
4520 393662
4520 393248
4520 393490
4530 394482
4530 394304
4530 394504
4540 395704
4540 395376
4540 395918
4550 396596
4550 396616
4550 396676
4560 397466
4560 397464
4560 397502
4570 398610
4570 398648
4570 398616
4580 399592
4580 399718
4580 399452
4590 400596
4590 400436
4590 400846
4600 401714
4600 401888
4600 401696
4610 402626
4610 402686
4610 402544
4620 403674
4620 403878
4620 403370
4630 404538
4630 404588
4630 404798
4640 405950
4640 405866
4640 405608
4650 406898
4650 407072
4650 406644
4660 407302
4660 407770
4660 407492
4670 408874
4670 408490
4670 408412
4680 409804
4680 409842
4680 409680
4690 410900
4690 410846
4690 410484
4700 411772
4700 411578
4700 411492
4710 412878
4710 412730
4710 412858
4720 413878
4720 413858
4720 413750
4730 414782
4730 414662
4730 414794
4740 416010
4740 415936
4740 415844
4750 417150
4750 416982
4750 417422
4760 417530
4760 417972
4760 418098
4770 418950
4770 418336
4770 419160
4780 419744
4780 420114
4780 419786
4790 421484
4790 421156
4790 421292
4800 422142
4800 421804
4800 421858
4810 423316
4810 423342
4810 423104
4820 424136
4820 424260
4820 424054
4830 424984
4830 424712
4830 425060
4840 426102
4840 425866
4840 425954
4850 426960
4850 427118
4850 426884
4860 428200
4860 428178
4860 427986
4870 429234
4870 429100
4870 429204
4880 430136
4880 429952
4880 430010
4890 431084
4890 430952
4890 430852
4900 432212
4900 432392
4900 432336
4910 433282
4910 433232
4910 433066
4920 434046
4920 434252
4920 434414
4930 435610
4930 435206
4930 434424
4940 435890
4940 436178
4940 436476
4950 437296
4950 436934
4950 436982
4960 438228
4960 438500
4960 438240
4970 439224
4970 439434
4970 439602
4980 440112
4980 440240
4980 440126
4990 441470
4990 441300
4990 440844
5000 442342
5000 442098
5000 442024
5010 443282
5010 443418
5010 443518
5020 444206
5020 444488
5020 444538
5030 445558
5030 445682
5030 445316
5040 446374
5040 447074
5040 446412
5050 447560
5050 447356
5050 447220
5060 448104
5060 448080
5060 448360
5070 449538
5070 449358
5070 449670
5080 450576
5080 450556
5080 450556
5090 451282
5090 451398
5090 451182
5100 452360
5100 452794
5100 452342
5110 453556
5110 453588
5110 453410
5120 454466
5120 454386
5120 454702
5130 455342
5130 455454
5130 455154
5140 456326
5140 456698
5140 456486
5150 457360
5150 457252
5150 457126
5160 458716
5160 458704
5160 458318
5170 459358
5170 459408
5170 459228
5180 460618
5180 460172
5180 460568
5190 461708
5190 461228
5190 461528
5200 462850
5200 462672
5200 462448
5210 463980
5210 463546
5210 463550
5220 464846
5220 464462
5220 464602
5230 465430
5230 465476
5230 465578
5240 466590
5240 466874
5240 466702
5250 467534
5250 467498
5250 467922
5260 468860
5260 468838
5260 469100
5270 469306
5270 469860
5270 469392
5280 470836
5280 470814
5280 470794
5290 471476
5290 471546
5290 471926
5300 472726
5300 472586
5300 472920
5310 473470
5310 473878
5310 473776
5320 474808
5320 475194
5320 474902
5330 475958
5330 476724
5330 475888
5340 476866
5340 476734
5340 476418
5350 477972
5350 477612
5350 477996
5360 478608
5360 478642
5360 479102
5370 479402
5370 479702
5370 479850
5380 480836
5380 480774
5380 481032
5390 481394
5390 481800
5390 482020
5400 483006
5400 482690
5400 483204
5410 483788
5410 483648
5410 483610
5420 485122
5420 484900
5420 485102
5430 486150
5430 486250
5430 486014
5440 487014
5440 487222
5440 486952
5450 487696
5450 487972
5450 488236
5460 489450
5460 489078
5460 489152
5470 490116
5470 490416
5470 489790
5480 491112
5480 491344
5480 490858
5490 492060
5490 492310
5490 491810
5500 493358
5500 493050
5500 493144
5510 494204
5510 494138
5510 494420
5520 494932
5520 495222
5520 495162
5530 496392
5530 496338
5530 496158
5540 497002
5540 497022
5540 497088
5550 498392
5550 498216
5550 498130
5560 498962
5560 499414
5560 499044
5570 500396
5570 500164
5570 500090
5580 501542
5580 500904
5580 501414
5590 502036
5590 501958
5590 501936
5600 502774
5600 503520
5600 503438
5610 504530
5610 504104
5610 504142
5620 505230
5620 505150
5620 505402
5630 506080
5630 506468
5630 506650
5640 507648
5640 507194
5640 507316
5650 508220
5650 508228
5650 508142
5660 509368
5660 509550
5660 509502
5670 510738
5670 510086
5670 510268
5680 511382
5680 511150
5680 511056
5690 512520
5690 512026
5690 512438
5700 513372
5700 513150
5700 513672
5710 514288
5710 514698
5710 514218
5720 515388
5720 516046
5720 515218
5730 516080
5730 516608
5730 516144
5740 517114
5740 517298
5740 517430
5750 518212
5750 518654
5750 518316
5760 519422
5760 519772
5760 520058
5770 520136
5770 520512
5770 520426
5780 521986
5780 521760
5780 521628
5790 522092
5790 522520
5790 522530
5800 523616
5800 523168
5800 523486
5810 524520
5810 524726
5810 524594
5820 525460
5820 525724
5820 525568
5830 526230
5830 526506
5830 526630
5840 527406
5840 528062
5840 527678
5850 528670
5850 528678
5850 528780
5860 529564
5860 529312
5860 529952
5870 530490
5870 531052
5870 530724
5880 531528
5880 531512
5880 531546
5890 532932
5890 532684
5890 532890
5900 533774
5900 533408
5900 534102
5910 534942
5910 534902
5910 534878
5920 536026
5920 535678
5920 535968
5930 536736
5930 536936
5930 536804
5940 537436
5940 537834
5940 537808
5950 538624
5950 538476
5950 538684
5960 540064
5960 539478
5960 540088
5970 541220
5970 540754
5970 541100
5980 541696
5980 541630
5980 541706
5990 542668
5990 542640
5990 543044
6000 543798
6000 543764
6000 544010
6010 544994
6010 544522
6010 544702
6020 545670
6020 545590
6020 545868
6030 547354
6030 546686
6030 547220
6040 548180
6040 548126
6040 547892
6050 548800
6050 548568
6050 549140
6060 549876
6060 550160
6060 549814
6070 550742
6070 551130
6070 550956
6080 551950
6080 551920
6080 551834
6090 552974
6090 552830
6090 552706
6100 553684
6100 554228
6100 554386
6110 555294
6110 554866
6110 554996
6120 556128
6120 556314
6120 556186
6130 556836
6130 556970
6130 557234
6140 557940
6140 558052
6140 557966
6150 559268
6150 558806
6150 559116
6160 559824
6160 560036
6160 559972
6170 560646
6170 561024
6170 560878
6180 562332
6180 562504
6180 562362
6190 563178
6190 562950
6190 563120
6200 564202
6200 564264
6200 564398
6210 565328
6210 565338
6210 565424
6220 566606
6220 565984
6220 566126
6230 567382
6230 567238
6230 567154
6240 568248
6240 568116
6240 567990
6250 568774
6250 569198
6250 569216
6260 570234
6260 570318
6260 570304
6270 570994
6270 570910
6270 571608
6280 572148
6280 572178
6280 572394
6290 573014
6290 573166
6290 573146
6300 574512
6300 574154
6300 574562
6310 575756
6310 575048
6310 575326
6320 575866
6320 576064
6320 576114
6330 577128
6330 577324
6330 576956
6340 578158
6340 577896
6340 578444
6350 579072
6350 579772
6350 579320
6360 580022
6360 580516
6360 580182
6370 581240
6370 580938
6370 581650
6380 582598
6380 582314
6380 582176
6390 583812
6390 583442
6390 583212
6400 584588
6400 584538
6400 584586
6410 585612
6410 585734
6410 585870
6420 586086
6420 586436
6420 586408
6430 587552
6430 587350
6430 587682
6440 588412
6440 588526
6440 588328
6450 589476
6450 589862
6450 589338
6460 590628
6460 590352
6460 590368
6470 591604
6470 591736
6470 591074
6480 592730
6480 592350
6480 592202
6490 593458
6490 593526
6490 593624
6500 594652
6500 595164
6500 594524
6510 596232
6510 595754
6510 595732
6520 596650
6520 596950
6520 596958
6530 597586
6530 597606
6530 597670
6540 598652
6540 598786
6540 598716
6550 599900
6550 599450
6550 599538
6560 600518
6560 600684
6560 600964
6570 601686
6570 602062
6570 601408
6580 602780
6580 602472
6580 602830
6590 603630
6590 603818
6590 603888
6600 604600
6600 604562
6600 604540
6610 605884
6610 605610
6610 606034
6620 606834
6620 606738
6620 606714
6630 608326
6630 607720
6630 607608
6640 608788
6640 609050
6640 609264
6650 609334
6650 609834
6650 610008
6660 611026
6660 611014
6660 610860
6670 611714
6670 611492
6670 611910
6680 612594
6680 612956
6680 612738
6690 613796
6690 613766
6690 614136
6700 614990
6700 614870
6700 614542
6710 616014
6710 616300
6710 615658
6720 616414
6720 616894
6720 616916
6730 617888
6730 618050
6730 618080
6740 618872
6740 618824
6740 618890
6750 620204
6750 619946
6750 620334
6760 621274
6760 620666
6760 621182
6770 622296
6770 622348
6770 621888
6780 623010
6780 623024
6780 623124
6790 623996
6790 624248
6790 623634
6800 625230
6800 625364
6800 625364
6810 626086
6810 626354
6810 626086
6820 627230
6820 627018
6820 626850
6830 628122
6830 628162
6830 628136
6840 629138
6840 629558
6840 629056
6850 630330
6850 629908
6850 629524
6860 631470
6860 631740
6860 631074
6870 632094
6870 631914
6870 632124
6880 633414
6880 633042
6880 633044
6890 634132
6890 633672
6890 634464
6900 635356
6900 635500
6900 635342
6910 636778
6910 636554
6910 636024
6920 637264
6920 637740
6920 637048
6930 638434
6930 637556
6930 638052
6940 638902
6940 639060
6940 639262
6950 639890
6950 640424
6950 640614
6960 641708
6960 641470
6960 641374
6970 642038
6970 642598
6970 642136
6980 643238
6980 643574
6980 643934
6990 644584
6990 644842
6990 644560
7000 645528
7000 645350
7000 645480
7010 646746
7010 646518
7010 646606
7020 647406
7020 647732
7020 647432
7030 648400
7030 648752
7030 648686
7040 649670
7040 649494
7040 649358
7050 650704
7050 650616
7050 650046
7060 651460
7060 651368
7060 651432
7070 652442
7070 652314
7070 652176
7080 653690
7080 653338
7080 653470
7090 654266
7090 655060
7090 654278
7100 655438
7100 655506
7100 655852
7110 657066
7110 656262
7110 656986
7120 657372
7120 657322
7120 657952
7130 658700
7130 658736
7130 658702
7140 659726
7140 660048
7140 659386
7150 660450
7150 660764
7150 660834
7160 661676
7160 661424
7160 661794
7170 662940
7170 662552
7170 662426
7180 663336
7180 663642
7180 663770
7190 665234
7190 664850
7190 664484
7200 665130
7200 665560
7200 665364
7210 666670
7210 666698
7210 666356
7220 667892
7220 667740
7220 667800
7230 668992
7230 668674
7230 668740
7240 669728
7240 669690
7240 669724
7250 671158
7250 670548
7250 671090
7260 671978
7260 672046
7260 671932
7270 673220
7270 672876
7270 672842
7280 674044
7280 673818
7280 673490
7290 674736
7290 674844
7290 674954
7300 675528
7300 675720
7300 675996
7310 676818
7310 676840
7310 676790
7320 678056
7320 678542
7320 677758
7330 678946
7330 678236
7330 678900
7340 680104
7340 679950
7340 680076
7350 680950
7350 681032
7350 681044
7360 682102
7360 681646
7360 682452
7370 683106
7370 683264
7370 683272
7380 684196
7380 683776
7380 683748
7390 685222
7390 685004
7390 684968
7400 685756
7400 686056
7400 685792
7410 686970
7410 687220
7410 687352
7420 687700
7420 687820
7420 688164
7430 689170
7430 688960
7430 689318
7440 690348
7440 689552
7440 690320
7450 691170
7450 691010
7450 691056
7460 692070
7460 692422
7460 692306
7470 692782
7470 692474
7470 693106
7480 693910
7480 694454
7480 694018
7490 695530
7490 694638
7490 695536
7500 696176
7500 696020
7500 696118
7510 697314
7510 697404
7510 697136
7520 698100
7520 698060
7520 697998
7530 699046
7530 699396
7530 698938
7540 700098
7540 700798
7540 700062
7550 701274
7550 700800
7550 700960
7560 702216
7560 702950
7560 702040
7570 702954
7570 703198
7570 703398
7580 704374
7580 704712
7580 704412
7590 705248
7590 705244
7590 705278
7600 706322
7600 705940
7600 706312
7610 706716
7610 707252
7610 707626
7620 708424
7620 708360
7620 708224
7630 709802
7630 708988
7630 709864
7640 710310
7640 710502
7640 710086
7650 711272
7650 711360
7650 711674
7660 712414
7660 712362
7660 712480
7670 713476
7670 713410
7670 712860
7680 714558
7680 714660
7680 714926
7690 715468
7690 715574
7690 715356
7700 716150
7700 716616
7700 716358
7710 717454
7710 718042
7710 717358
7720 718470
7720 719000
7720 718736
7730 719848
7730 719414
7730 719998
7740 720682
7740 720570
7740 720392
7750 721644
7750 721186
7750 721866
7760 722508
7760 722664
7760 722118
7770 723882
7770 723790
7770 723992
7780 724274
7780 724960
7780 724422
7790 725548
7790 725316
7790 725740
7800 727384
7800 726600
7800 726730
7810 727386
7810 727642
7810 727876
7820 728810
7820 728198
7820 728944
7830 729548
7830 729506
7830 729646
7840 730354
7840 730982
7840 730652
7850 732030
7850 731690
7850 731752
7860 732810
7860 732938
7860 732184
7870 733620
7870 734154
7870 733870
7880 734666
7880 735318
7880 734858
7890 735410
7890 735680
7890 735572
7900 736850
7900 736888
7900 736838
7910 738130
7910 737438
7910 736966
7920 738582
7920 738922
7920 738954
7930 739964
7930 740282
7930 740028
7940 740586
7940 740820
7940 740672
7950 741576
7950 742086
7950 741602
7960 742720
7960 743096
7960 742976
7970 743690
7970 743822
7970 743740
7980 745048
7980 744920
7980 744802
7990 746060
7990 745854
7990 746158
8000 746936
8000 746844
8000 747202
8010 747814
8010 747808
8010 748054
8020 748748
8020 749724
8020 749264
8030 750030
8030 749604
8030 749762
8040 751612
8040 751210
8040 751370
8050 752232
8050 752024
8050 752162
8060 753258
8060 752910
8060 752918
8070 754246
8070 754178
8070 754156
8080 755602
8080 755020
8080 755174
8090 756028
8090 756308
8090 756482
8100 756902
8100 757502
8100 757060
8110 758284
8110 758326
8110 757798
8120 758742
8120 759090
8120 759266
8130 760472
8130 760074
8130 760296
8140 760968
8140 760932
8140 760932
8150 762394
8150 761862
8150 762086
8160 763670
8160 763344
8160 763484
8170 764312
8170 764008
8170 764556
8180 765658
8180 764684
8180 765386
8190 766250
8190 766204
8190 766334
8200 767270
8200 767110
8200 767374
8210 768528
8210 768080
8210 768660
8220 768990
8220 769514
8220 769286
8230 770258
8230 770414
8230 770760
8240 771300
8240 772078
8240 771588
8250 772848
8250 772324
8250 772610
8260 773932
8260 773676
8260 773356
8270 775100
8270 774952
8270 774990
8280 775992
8280 775860
8280 776244
8290 777020
8290 777410
8290 777110
8300 778584
8300 778110
8300 778602
8310 779926
8310 779688
8310 779444
8320 780930
8320 780618
8320 780162
8330 781336
8330 782508
8330 781946
8340 783152
8340 782726
8340 782830
8350 783306
8350 783512
8350 783642
8360 784834
8360 785350
8360 785274
8370 785950
8370 785946
8370 785704
8380 787526
8380 787132
8380 786924
8390 788082
8390 788032
8390 788244
8400 789616
8400 789306
8400 788958
8410 790196
8410 790300
8410 789906
8420 791328
8420 791782
8420 791812
8430 792758
8430 792246
8430 792742
8440 793242
8440 793104
8440 793262
8450 794582
8450 794338
8450 794954
8460 795968
8460 795502
8460 795968
8470 796770
8470 796620
8470 796962
8480 798438
8480 797948
8480 797882
8490 799302
8490 798884
8490 798924
8500 800080
8500 800440
8500 799724
8510 801128
8510 801446
8510 801340
8520 802146
8520 802202
8520 802670
8530 803724
8530 802664
8530 803658
8540 804900
8540 804148
8540 804834
8550 805516
8550 805446
8550 805664
8560 807208
8560 806718
8560 806874
8570 807726
8570 808112
8570 808010
8580 809298
8580 809028
8580 809376
8590 809992
8590 810012
8590 810212
8600 811536
8600 810996
8600 810956
8610 812096
8610 812206
8610 812440
8620 813500
8620 813394
8620 813254
8630 814452
8630 814338
8630 814552
8640 815954
8640 815112
8640 815424
8650 816722
8650 817070
8650 816796
8660 817888
8660 817810
8660 817888
8670 818944
8670 818752
8670 819234
8680 819868
8680 819714
8680 819948
8690 820988
8690 821018
8690 821024
8700 821820
8700 821744
8700 821948
8710 822886
8710 823018
8710 822720
8720 824560
8720 824704
8720 824692
8730 825240
8730 825444
8730 825470
8740 826866
8740 826110
8740 826608
8750 827306
8750 827728
8750 827278
8760 828658
8760 829196
8760 828984
8770 830132
8770 829874
8770 829356
8780 830594
8780 830414
8780 830638
8790 832384
8790 831786
8790 832190
8800 833014
8800 833454
8800 832826
8810 834292
8810 833862
8810 834044
8820 834834
8820 835116
8820 835168
8830 836298
8830 836438
8830 835900
8840 837302
8840 837236
8840 837698
8850 838382
8850 838616
8850 838736
8860 839622
8860 839860
8860 839404
8870 840776
8870 840766
8870 840698
8880 841738
8880 841876
8880 841862
8890 842962
8890 842840
8890 843062
8900 844032
8900 843684
8900 844164
8910 845416
8910 845124
8910 845288
8920 845950
8920 846058
8920 846416
8930 847554
8930 847280
8930 846900
8940 848416
8940 848934
8940 847742
8950 849432
8950 849434
8950 849610
8960 850396
8960 850158
8960 850654
8970 851602
8970 851388
8970 851456
8980 852660
8980 852608
8980 852890
8990 853676
8990 853674
8990 854332
9000 854880
9000 854564
9000 855260
9010 856220
9010 856702
9010 856414
9020 857076
9020 857210
9020 857136
9030 858208
9030 858260
9030 857794
9040 859292
9040 859568
9040 859874
9050 860322
9050 860166
9050 860410
9060 861230
9060 862040
9060 861378
9070 862704
9070 862552
9070 862942
9080 863782
9080 863266
9080 863722
9090 865368
9090 864916
9090 864914
9100 865854
9100 865886
9100 865696
9110 867084
9110 866990
9110 867412
9120 868254
9120 867772
9120 868448
9130 869146
9130 869022
9130 868694
9140 871002
9140 870172
9140 869914
9150 871532
9150 871916
9150 871598
9160 872638
9160 872308
9160 872482
9170 873090
9170 873812
9170 873546
9180 874944
9180 874776
9180 874758
9190 876058
9190 875788
9190 875570
9200 876958
9200 877020
9200 876766
9210 877936
9210 877678
9210 878020
9220 879270
9220 879104
9220 879276
9230 879968
9230 879542
9230 879766
9240 881028
9240 880952
9240 881146
9250 882710
9250 882414
9250 882748
9260 883822
9260 883240
9260 883468
9270 884422
9270 884132
9270 885266
9280 885940
9280 885502
9280 885244
9290 886950
9290 886530
9290 887092
9300 887834
9300 888146
9300 888104
9310 889152
9310 888864
9310 889394
9320 890272
9320 889934
9320 889766
9330 890730
9330 891252
9330 891026
9340 892766
9340 892320
9340 892218
9350 893062
9350 893260
9350 893478
9360 894156
9360 894446
9360 894770
9370 895420
9370 895588
9370 895342
9380 897002
9380 896680
9380 896100
9390 898040
9390 897728
9390 897510
9400 899078
9400 898812
9400 898560
9410 900076
9410 899690
9410 900356
9420 900244
9420 900672
9420 901182
9430 902308
9430 902174
9430 902592
9440 903696
9440 902968
9440 903032
9450 904700
9450 904316
9450 904452
9460 905664
9460 905272
9460 905148
9470 906148
9470 906738
9470 906080
9480 907562
9480 907752
9480 907288
9490 908540
9490 908900
9490 908926
9500 910018
9500 910376
9500 909488
9510 910966
9510 911094
9510 910242
9520 911612
9520 911246
9520 911772
9530 912664
9530 912516
9530 913152
9540 914052
9540 914006
9540 914224
9550 915632
9550 914874
9550 914830
9560 916294
9560 916396
9560 916042
9570 917084
9570 917610
9570 917450
9580 918328
9580 918358
9580 918772
9590 919666
9590 919350
9590 919418
9600 920494
9600 921050
9600 920752
9610 921924
9610 922014
9610 921760
9620 922818
9620 922870
9620 922638
9630 923836
9630 923610
9630 924414
9640 924984
9640 925244
9640 925384
9650 925682
9650 925772
9650 926172
9660 927334
9660 926886
9660 927776
9670 928596
9670 928252
9670 928538
9680 929552
9680 928978
9680 929842
9690 930240
9690 930858
9690 930974
9700 931632
9700 931226
9700 932252
9710 932476
9710 933202
9710 932496
9720 933804
9720 934040
9720 934406
9730 935086
9730 934754
9730 935142
9740 935722
9740 936074
9740 935902
9750 936750
9750 936882
9750 937194
9760 938698
9760 938390
9760 938328
9770 939304
9770 939590
9770 939762
9780 940696
9780 940192
9780 940942
9790 941468
9790 941822
9790 941500
9800 942474
9800 941900
9800 942138
9810 943346
9810 943680
9810 942884
9820 944920
9820 944062
9820 944872
9830 945832
9830 946092
9830 945952
9840 946776
9840 947220
9840 947194
9850 948270
9850 947944
9850 948018
9860 949424
9860 949720
9860 948944
9870 949764
9870 950214
9870 950040
9880 951236
9880 951330
9880 951402
9890 952104
9890 952138
9890 952218
9900 953762
9900 953854
9900 953748
9910 955152
9910 955154
9910 955056
9920 955408
9920 956336
9920 955686
9930 957348
9930 957190
9930 956134
9940 957906
9940 957332
9940 957670
9950 959372
9950 959222
9950 958646
9960 960306
9960 960526
9960 959518
9970 961524
9970 961084
9970 961662
9980 962658
9980 962438
9980 962420
9990 963282
9990 963362
9990 962620
10000 964644
10000 964478
10000 964802
