100 19631
100 19151
100 19057
110 21757
110 21917
110 21861
120 23804
120 24446
120 24201
130 27065
130 26759
130 26594
140 29437
140 29451
140 28929
150 32405
150 32181
150 32121
160 34937
160 34708
160 35001
170 37768
170 37783
170 38158
180 40550
180 40226
180 40441
190 43097
190 43255
190 43598
200 46008
200 46572
200 46571
210 49077
210 48892
210 49286
220 51664
220 52084
220 51737
230 55047
230 55103
230 54311
240 58024
240 58268
240 57860
250 60777
250 60658
250 59681
260 63796
260 64207
260 63822
270 66920
270 66910
270 67044
280 69825
280 69947
280 70055
290 73162
290 73498
290 73383
300 76386
300 76532
300 76388
310 79703
310 80276
310 79339
320 82349
320 82800
320 82795
330 86053
330 85427
330 86506
340 89812
340 88748
340 88637
350 92561
350 92105
350 92359
360 96086
360 96200
360 95255
370 99054
370 98850
370 98307
380 102381
380 102031
380 102712
390 106167
390 106421
390 105645
400 108688
400 108647
400 108555
410 112694
410 112385
410 111592
420 115680
420 114567
420 115251
430 119144
430 118761
430 118363
440 121988
440 122119
440 122392
450 125392
450 125743
450 125303
460 128714
460 128843
460 128132
470 131520
470 131972
470 131920
480 135041
480 135658
480 135984
490 139290
490 138673
490 138827
500 142341
500 142108
500 142224
510 145590
510 145480
510 146020
520 148443
520 148932
520 149275
530 152522
530 152978
530 151810
540 155442
540 155975
540 156415
550 159525
550 159377
550 160102
560 163135
560 162460
560 163665
570 166708
570 165914
570 166965
580 170180
580 170458
580 170627
590 173713
590 174514
590 174206
600 178080
600 177711
600 177376
610 180275
610 180523
610 180032
620 184410
620 183947
620 184964
630 187849
630 188352
630 188313
640 192212
640 190838
640 191741
650 195165
650 196450
650 194880
660 198358
660 198714
660 198741
670 202877
670 202345
670 203487
680 205996
680 206201
680 205519
690 209783
690 209492
690 210015
700 213553
700 213056
700 212360
710 216749
710 216469
710 217634
720 220442
720 220529
720 220763
730 224947
730 224814
730 223932
740 229076
740 227904
740 228024
750 232208
750 231868
750 231241
760 235847
760 235625
760 235352
770 238698
770 239424
770 238542
780 242591
780 242015
780 242570
790 246592
790 245532
790 246272
800 250429
800 251366
800 249808
810 254349
810 254611
810 253498
820 258308
820 257544
820 257743
830 260915
830 261902
830 261926
840 263983
840 265389
840 265744
850 268352
850 268053
850 269075
860 271665
860 271975
860 273016
870 275486
870 276546
870 275244
880 280725
880 280131
880 279223
890 283023
890 283474
890 283762
900 287662
900 286820
900 287604
910 290843
910 291680
910 291498
920 296352
920 294004
920 294140
930 298010
930 298501
930 299309
940 303439
940 301204
940 303473
950 306256
950 306926
950 306702
960 310571
960 309150
960 310007
970 314382
970 314461
970 313410
980 317222
980 317383
980 317749
990 320933
990 320721
990 320211
1000 325454
1000 325754
1000 325298
1010 329185
1010 328166
1010 328021
1020 333012
1020 330963
1020 331724
1030 336327
1030 336639
1030 336192
1040 340551
1040 339218
1040 339568
1050 343877
1050 343274
1050 343918
1060 349382
1060 347793
1060 347904
1070 352000
1070 353015
1070 352499
1080 354967
1080 357021
1080 355069
1090 358748
1090 360362
1090 359528
1100 363689
1100 364060
1100 363116
1110 367555
1110 367898
1110 367715
1120 371191
1120 371466
1120 371898
1130 375902
1130 376762
1130 375417
1140 378555
1140 379109
1140 380394
1150 383617
1150 383904
1150 384420
1160 387636
1160 388381
1160 387857
1170 392277
1170 390809
1170 391854
1180 396436
1180 396190
1180 396030
1190 398482
1190 400175
1190 399598
1200 402938
1200 404285
1200 403543
1210 406486
1210 407138
1210 408003
1220 410482
1220 412426
1220 411461
1230 415737
1230 414910
1230 415215
1240 417888
1240 420304
1240 419893
1250 423993
1250 422918
1250 423462
1260 428528
1260 426938
1260 427952
1270 431499
1270 430277
1270 431649
1280 435511
1280 435824
1280 436903
1290 439513
1290 439141
1290 440062
1300 443560
1300 442092
1300 442382
1310 448527
1310 447353
1310 446363
1320 452295
1320 451597
1320 451306
1330 456673
1330 456170
1330 456323
1340 460004
1340 460501
1340 459370
1350 464141
1350 464366
1350 464023
1360 467166
1360 467403
1360 467102
1370 472102
1370 474360
1370 472540
1380 475600
1380 477321
1380 476109
1390 480159
1390 480169
1390 480540
1400 484817
1400 484441
1400 483842
1410 487814
1410 487671
1410 487031
1420 491737
1420 491656
1420 491091
1430 495080
1430 497351
1430 496741
1440 500464
1440 500925
1440 501875
1450 504816
1450 503867
1450 505165
1460 508635
1460 509704
1460 508449
1470 512419
1470 513821
1470 512874
1480 517469
1480 517317
1480 516797
1490 521446
1490 520334
1490 520037
1500 524669
1500 524387
1500 524984
1510 529520
1510 529310
1510 529677
1520 534223
1520 533394
1520 533480
1530 536533
1530 537400
1530 538113
1540 541476
1540 540792
1540 540752
1550 545812
1550 546305
1550 545590
1560 550367
1560 548003
1560 550191
1570 553072
1570 554251
1570 553130
1580 557961
1580 558680
1580 557304
1590 562193
1590 561032
1590 561132
1600 565490
1600 564992
1600 564258
1610 569960
1610 570118
1610 569746
1620 573476
1620 575166
1620 573918
1630 578459
1630 578868
1630 578156
1640 582048
1640 582309
1640 582746
1650 586118
1650 586854
1650 586083
1660 589871
1660 590042
1660 590816
1670 593814
1670 594043
1670 594478
1680 599759
1680 598517
1680 598645
1690 604776
1690 603139
1690 603097
1700 607030
1700 606952
1700 607244
1710 610784
1710 610575
1710 611818
1720 614608
1720 615964
1720 615337
1730 620603
1730 619135
1730 619828
1740 624095
1740 622751
1740 622965
1750 628050
1750 628532
1750 626912
1760 632388
1760 631536
1760 632555
1770 636824
1770 634963
1770 637128
1780 640083
1780 639303
1780 638907
1790 643809
1790 643477
1790 643104
1800 646776
1800 650287
1800 648290
1810 652786
1810 653268
1810 652740
1820 656673
1820 657915
1820 655938
1830 661653
1830 660988
1830 660117
1840 664594
1840 664698
1840 665599
1850 669766
1850 669364
1850 668916
1860 673282
1860 674218
1860 674568
1870 676310
1870 677942
1870 677572
1880 681267
1880 680617
1880 682365
1890 685926
1890 685936
1890 685142
1900 690359
1900 688559
1900 690895
1910 695289
1910 692227
1910 694597
1920 698243
1920 696912
1920 698531
1930 702807
1930 703640
1930 704287
1940 707266
1940 706072
1940 707091
1950 709882
1950 711018
1950 711706
1960 714601
1960 716419
1960 715332
1970 719188
1970 720835
1970 718898
1980 723977
1980 721062
1980 722242
1990 726331
1990 727998
1990 727617
2000 732221
2000 733683
2000 732917
2010 734358
2010 734728
2010 735494
2020 739836
2020 739424
2020 739733
2030 743785
2030 744657
2030 744821
2040 746929
2040 747273
2040 747952
2050 752230
2050 753154
2050 752421
2060 757214
2060 757184
2060 755981
2070 761691
2070 760509
2070 760000
2080 764801
2080 766334
2080 764465
2090 768525
2090 770568
2090 768446
2100 773673
2100 773410
2100 774251
2110 777648
2110 777988
2110 777973
2120 783156
2120 782446
2120 783387
2130 787557
2130 785981
2130 787544
2140 792637
2140 790291
2140 792683
2150 798992
2150 795412
2150 794815
2160 799158
2160 800447
2160 802605
2170 804679
2170 803634
2170 804452
2180 808792
2180 810481
2180 808069
2190 813353
2190 815037
2190 813305
2200 816232
2200 819199
2200 816755
2210 822153
2210 823272
2210 821680
2220 825776
2220 826670
2220 824836
2230 830887
2230 830899
2230 830217
2240 834647
2240 833800
2240 834651
2250 837517
2250 842653
2250 839917
2260 842206
2260 844852
2260 843378
2270 847761
2270 846764
2270 847333
2280 852527
2280 852098
2280 851765
2290 858515
2290 854609
2290 858323
2300 860484
2300 860271
2300 861304
2310 865938
2310 865827
2310 865848
2320 869613
2320 870256
2320 868938
2330 876036
2330 874732
2330 875779
2340 878064
2340 879241
2340 878483
2350 882472
2350 881658
2350 882213
2360 886338
2360 889022
2360 886878
2370 891167
2370 893205
2370 892518
2380 896875
2380 894649
2380 896931
2390 900161
2390 899028
2390 900146
2400 906158
2400 906593
2400 905766
2410 910159
2410 909317
2410 910638
2420 914795
2420 915585
2420 914634
2430 918848
2430 918154
2430 919563
2440 922156
2440 922548
2440 923265
2450 926500
2450 928027
2450 926157
2460 929476
2460 931474
2460 931415
2470 937933
2470 937812
2470 934669
2480 939699
2480 940240
2480 941725
2490 944412
2490 942572
2490 946380
2500 948714
2500 948143
2500 949515
2510 952236
2510 951992
2510 954846
2520 959882
2520 957831
2520 957570
2530 963455
2530 962574
2530 961666
2540 967791
2540 967730
2540 968141
2550 970634
2550 972115
2550 973663
2560 976442
2560 975794
2560 975822
2570 979753
2570 978451
2570 979887
2580 985713
2580 986402
2580 985846
2590 988748
2590 989279
2590 990051
2600 994687
2600 994640
2600 993558
2610 997431
2610 998443
2610 995807
2620 1001270
2620 1001139
2620 1002511
2630 1006828
2630 1007241
2630 1006992
2640 1011075
2640 1012243
2640 1012069
2650 1014851
2650 1015860
2650 1017222
2660 1021182
2660 1019403
2660 1021188
2670 1025069
2670 1025140
2670 1025794
2680 1031450
2680 1029519
2680 1029206
2690 1033331
2690 1033086
2690 1035573
2700 1038703
2700 1037572
2700 1038762
2710 1042179
2710 1042956
2710 1042847
2720 1048348
2720 1046528
2720 1047500
2730 1053390
2730 1052471
2730 1050946
2740 1056051
2740 1055589
2740 1056406
2750 1060784
2750 1062064
2750 1061909
2760 1063581
2760 1064337
2760 1065524
2770 1068436
2770 1070433
2770 1070215
2780 1073676
2780 1074621
2780 1072974
2790 1077520
2790 1079020
2790 1078285
2800 1083207
2800 1083440
2800 1083596
2810 1087743
2810 1087477
2810 1088120
2820 1091189
2820 1091790
2820 1091608
2830 1096070
2830 1095819
2830 1098203
2840 1099825
2840 1101037
2840 1100160
2850 1103001
2850 1105253
2850 1104141
2860 1111449
2860 1110048
2860 1110195
2870 1113423
2870 1114400
2870 1114991
2880 1119334
2880 1120328
2880 1119256
2890 1123690
2890 1123775
2890 1122923
2900 1128228
2900 1128007
2900 1129476
2910 1132556
2910 1131001
2910 1132273
2920 1139151
2920 1134882
2920 1135570
2930 1142888
2930 1142108
2930 1140725
2940 1145780
2940 1146237
2940 1145113
2950 1149664
2950 1149526
2950 1149068
2960 1154230
2960 1150840
2960 1154232
2970 1159006
2970 1158695
2970 1159410
2980 1163578
2980 1162912
2980 1164883
2990 1167294
2990 1167147
2990 1167920
3000 1171902
3000 1173316
3000 1172009
3010 1175887
3010 1177500
3010 1175775
3020 1181703
3020 1183493
3020 1181888
3030 1184870
3030 1185812
3030 1183362
3040 1189833
3040 1189687
3040 1190036
3050 1194410
3050 1194503
3050 1195945
3060 1202379
3060 1198948
3060 1202171
3070 1205091
3070 1205920
3070 1203780
3080 1208249
3080 1208764
3080 1208280
3090 1213609
3090 1213499
3090 1213699
3100 1217037
3100 1217419
3100 1216566
3110 1221395
3110 1222741
3110 1221096
3120 1227490
3120 1227774
3120 1225608
3130 1230198
3130 1232199
3130 1229728
3140 1236269
3140 1234053
3140 1237481
3150 1239796
3150 1241351
3150 1241760
3160 1245784
3160 1244594
3160 1246752
3170 1248389
3170 1250059
3170 1250326
3180 1251623
3180 1252541
3180 1253242
3190 1259186
3190 1258143
3190 1258312
3200 1262670
3200 1263947
3200 1261356
3210 1266508
3210 1266867
3210 1266029
3220 1271502
3220 1272697
3220 1271491
3230 1275697
3230 1278693
3230 1275719
3240 1282523
3240 1282088
3240 1279800
3250 1284429
3250 1283940
3250 1285048
3260 1290781
3260 1288485
3260 1289553
3270 1292755
3270 1293399
3270 1292445
3280 1299709
3280 1299516
3280 1299960
3290 1304640
3290 1305129
3290 1303862
3300 1308227
3300 1307052
3300 1307184
3310 1311550
3310 1310138
3310 1314161
3320 1316300
3320 1317277
3320 1316128
3330 1320617
3330 1319396
3330 1322255
3340 1323541
3340 1325205
3340 1323771
3350 1329820
3350 1328275
3350 1328665
3360 1335015
3360 1335270
3360 1334120
3370 1338938
3370 1338348
3370 1339809
3380 1344237
3380 1343327
3380 1343664
3390 1348574
3390 1349142
3390 1349087
3400 1353476
3400 1353620
3400 1350867
3410 1359398
3410 1358625
3410 1356841
3420 1361491
3420 1362481
3420 1361671
3430 1369040
3430 1367131
3430 1367801
3440 1372849
3440 1370262
3440 1370765
3450 1374494
3450 1375703
3450 1376137
3460 1382189
3460 1379269
3460 1379499
3470 1388079
3470 1386102
3470 1384638
3480 1388926
3480 1389060
3480 1389810
3490 1394454
3490 1392697
3490 1391990
3500 1398016
3500 1399734
3500 1398210
3510 1401768
3510 1403949
3510 1404411
3520 1409030
3520 1407801
3520 1408089
3530 1410274
3530 1412340
3530 1413422
3540 1417860
3540 1417051
3540 1416950
3550 1422458
3550 1420901
3550 1421357
3560 1424184
3560 1426460
3560 1426767
3570 1427596
3570 1432365
3570 1430582
3580 1435442
3580 1435505
3580 1432760
3590 1439029
3590 1438025
3590 1438336
3600 1444240
3600 1442361
3600 1444923
3610 1449249
3610 1447685
3610 1446201
3620 1454190
3620 1451446
3620 1451886
3630 1457183
3630 1458092
3630 1455719
3640 1463606
3640 1463320
3640 1461556
3650 1464796
3650 1467072
3650 1467400
3660 1471418
3660 1470523
3660 1470205
3670 1472976
3670 1475815
3670 1475639
3680 1481046
3680 1480794
3680 1479650
3690 1485926
3690 1486197
3690 1485372
3700 1486614
3700 1492077
3700 1489821
3710 1494369
3710 1491696
3710 1494114
3720 1498606
3720 1497942
3720 1501022
3730 1503871
3730 1500804
3730 1503834
3740 1507080
3740 1507647
3740 1508369
3750 1513393
3750 1513127
3750 1514446
3760 1516285
3760 1516617
3760 1518317
3770 1522539
3770 1521321
3770 1522395
3780 1526178
3780 1525169
3780 1524650
3790 1529701
3790 1530185
3790 1532561
3800 1536505
3800 1534291
3800 1535269
3810 1540848
3810 1540292
3810 1538452
3820 1544447
3820 1543932
3820 1545891
3830 1548954
3830 1547329
3830 1548550
3840 1553798
3840 1554794
3840 1552351
3850 1557717
3850 1557615
3850 1557889
3860 1563278
3860 1564615
3860 1564512
3870 1566079
3870 1568632
3870 1566411
3880 1571569
3880 1571299
3880 1572363
3890 1574291
3890 1575993
3890 1576902
3900 1583216
3900 1581540
3900 1581748
3910 1584212
3910 1585619
3910 1584707
3920 1592326
3920 1590787
3920 1589817
3930 1596658
3930 1595471
3930 1594219
3940 1599893
3940 1600353
3940 1599707
3950 1604343
3950 1603057
3950 1603528
3960 1608255
3960 1609144
3960 1609993
3970 1614853
3970 1610020
3970 1613342
3980 1615453
3980 1617657
3980 1618322
3990 1622422
3990 1624076
3990 1620512
4000 1624649
4000 1627014
4000 1627772
4010 1632764
4010 1630994
4010 1632045
4020 1636654
4020 1634880
4020 1633880
4030 1641366
4030 1639929
4030 1638790
4040 1645618
4040 1643160
4040 1644778
4050 1651131
4050 1648567
4050 1649948
4060 1652901
4060 1655141
4060 1655307
4070 1659432
4070 1657395
4070 1658264
4080 1663981
4080 1662908
4080 1664774
4090 1667357
4090 1667095
4090 1669645
4100 1672339
4100 1673652
4100 1669462
4110 1677729
4110 1679566
4110 1678282
4120 1681687
4120 1681407
4120 1679835
4130 1686986
4130 1685210
4130 1686214
4140 1692349
4140 1690273
4140 1692501
4150 1698014
4150 1697561
4150 1698394
4160 1699865
4160 1700151
4160 1700039
4170 1706243
4170 1706593
4170 1706280
4180 1711117
4180 1712771
4180 1708532
4190 1713789
4190 1717270
4190 1714115
4200 1717244
4200 1720379
4200 1721620
4210 1724961
4210 1722995
4210 1726392
4220 1729153
4220 1729978
4220 1728839
4230 1732299
4230 1733742
4230 1733885
4240 1737602
4240 1740063
4240 1737948
4250 1745032
4250 1744945
4250 1742416
4260 1748919
4260 1747900
4260 1748654
4270 1752787
4270 1753309
4270 1755085
4280 1758679
4280 1757789
4280 1758235
4290 1762528
4290 1762210
4290 1761506
4300 1768432
4300 1766708
4300 1767374
4310 1770299
4310 1773779
4310 1773380
4320 1777255
4320 1777585
4320 1778004
4330 1778578
4330 1782769
4330 1782420
4340 1786696
4340 1787202
4340 1783303
4350 1790786
4350 1790028
4350 1790535
4360 1797000
4360 1795880
4360 1795194
4370 1800653
4370 1801910
4370 1800483
4380 1804541
4380 1807700
4380 1804328
4390 1809730
4390 1808305
4390 1808870
4400 1812958
4400 1815207
4400 1817184
4410 1818727
4410 1818596
4410 1821611
4420 1827966
4420 1826987
4420 1825856
4430 1829169
4430 1827811
4430 1829637
4440 1834633
4440 1833674
4440 1834242
4450 1839215
4450 1839965
4450 1838933
4460 1844667
4460 1844831
4460 1843888
4470 1849062
4470 1849880
4470 1848531
4480 1853784
4480 1851820
4480 1853535
4490 1858483
4490 1857049
4490 1855616
4500 1863308
4500 1860304
4500 1864716
4510 1865714
4510 1864796
4510 1865474
4520 1871993
4520 1871848
4520 1873567
4530 1877637
4530 1879299
4530 1877918
4540 1880152
4540 1881622
4540 1882061
4550 1887154
4550 1887632
4550 1885954
4560 1892933
4560 1890141
4560 1893358
4570 1895842
4570 1897749
4570 1897565
4580 1901937
4580 1901656
4580 1900869
4590 1906778
4590 1907000
4590 1905764
4600 1909704
4600 1911630
4600 1911394
4610 1916485
4610 1916834
4610 1918888
4620 1921162
4620 1918952
4620 1920625
4630 1924076
4630 1926147
4630 1927716
4640 1929096
4640 1930636
4640 1931163
4650 1937097
4650 1936537
4650 1936864
4660 1938322
4660 1941783
4660 1938780
4670 1944292
4670 1944404
4670 1944213
4680 1949751
4680 1949642
4680 1948579
4690 1954222
4690 1952434
4690 1954739
4700 1957415
4700 1957336
4700 1959393
4710 1962149
4710 1962637
4710 1965396
4720 1969409
4720 1969291
4720 1968615
4730 1970718
4730 1975425
4730 1972927
4740 1975556
4740 1981193
4740 1977578
4750 1982608
4750 1981839
4750 1983713
4760 1987192
4760 1988347
4760 1989215
4770 1992661
4770 1992000
4770 1993704
4780 1996146
4780 1996365
4780 1996384
4790 2002583
4790 2002196
4790 2000610
4800 2006275
4800 2008020
4800 2007788
4810 2011267
4810 2008701
4810 2010239
4820 2015063
4820 2014870
4820 2017762
4830 2023024
4830 2022880
4830 2020049
4840 2027093
4840 2024690
4840 2027684
4850 2030619
4850 2030091
4850 2031634
4860 2034705
4860 2035218
4860 2034239
4870 2041230
4870 2040978
4870 2041895
4880 2044986
4880 2044539
4880 2043693
4890 2050347
4890 2047320
4890 2052457
4900 2056156
4900 2054983
4900 2055832
4910 2058480
4910 2060861
4910 2060879
4920 2064180
4920 2065895
4920 2067338
4930 2069803
4930 2069852
4930 2069621
4940 2073520
4940 2074860
4940 2075627
4950 2080449
4950 2079760
4950 2078585
4960 2085025
4960 2081765
4960 2085700
4970 2087949
4970 2090150
4970 2086794
4980 2092832
4980 2092254
4980 2092144
4990 2098095
4990 2097198
4990 2097027
5000 2105054
5000 2104109
5000 2102065
5010 2109121
5010 2107548
5010 2107223
5020 2111646
5020 2114088
5020 2111186
5030 2118040
5030 2118537
5030 2116816
5040 2122941
5040 2121994
5040 2121320
5050 2126970
5050 2127681
5050 2125481
5060 2134406
5060 2134087
5060 2132131
5070 2135830
5070 2136026
5070 2139972
5080 2141119
5080 2142424
5080 2143433
5090 2147047
5090 2149032
5090 2146251
5100 2150760
5100 2153067
5100 2148734
5110 2153469
5110 2156281
5110 2157817
5120 2159481
5120 2159575
5120 2162907
5130 2167277
5130 2166964
5130 2166315
5140 2169843
5140 2172103
5140 2172353
5150 2173919
5150 2177137
5150 2177246
5160 2181573
5160 2181072
5160 2180330
5170 2183331
5170 2187478
5170 2186503
5180 2192289
5180 2191511
5180 2191153
5190 2198499
5190 2193524
5190 2194713
5200 2200265
5200 2201252
5200 2196581
5210 2202546
5210 2208311
5210 2206525
5220 2209160
5220 2209012
5220 2208143
5230 2216576
5230 2214912
5230 2214841
5240 2221141
5240 2220634
5240 2218344
5250 2227648
5250 2223508
5250 2226068
5260 2230834
5260 2231019
5260 2228367
5270 2234211
5270 2237763
5270 2234200
5280 2239327
5280 2239229
5280 2238335
5290 2244943
5290 2244174
5290 2246821
5300 2249238
5300 2244265
5300 2246635
5310 2254059
5310 2254883
5310 2255728
5320 2258996
5320 2257584
5320 2259149
5330 2263632
5330 2262833
5330 2264601
5340 2268799
5340 2267278
5340 2267626
5350 2275985
5350 2273089
5350 2275520
5360 2278248
5360 2275373
5360 2276274
5370 2284608
5370 2283767
5370 2283195
5380 2286013
5380 2287438
5380 2288157
5390 2294167
5390 2292455
5390 2291722
5400 2297773
5400 2294988
5400 2296714
5410 2299152
5410 2303325
5410 2301686
5420 2308141
5420 2305883
5420 2306117
5430 2311707
5430 2311465
5430 2312937
5440 2315329
5440 2319114
5440 2317246
5450 2321389
5450 2323283
5450 2324791
5460 2326879
5460 2324784
5460 2327315
5470 2331446
5470 2328397
5470 2329401
5480 2336868
5480 2332277
5480 2337436
5490 2338601
5490 2342835
5490 2340133
5500 2348413
5500 2346032
5500 2346639
5510 2350336
5510 2350449
5510 2349858
5520 2357492
5520 2356010
5520 2359689
5530 2360330
5530 2359055
5530 2363711
5540 2367646
5540 2365518
5540 2367206
5550 2371368
5550 2369061
5550 2370113
5560 2374516
5560 2375930
5560 2377663
5570 2378215
5570 2380264
5570 2378822
5580 2385975
5580 2386782
5580 2383723
5590 2391043
5590 2387344
5590 2386748
5600 2394573
5600 2394116
5600 2395048
5610 2398018
5610 2397811
5610 2399139
5620 2406054
5620 2404941
5620 2407082
5630 2410870
5630 2410727
5630 2409231
5640 2411508
5640 2415511
5640 2415747
5650 2417309
5650 2418162
5650 2419785
5660 2423812
5660 2423410
5660 2423469
5670 2429383
5670 2431819
5670 2430393
5680 2433805
5680 2434488
5680 2435472
5690 2437563
5690 2437854
5690 2436916
5700 2442346
5700 2442704
5700 2443247
5710 2449695
5710 2447531
5710 2447906
5720 2453256
5720 2452562
5720 2453982
5730 2458766
5730 2460850
5730 2459242
5740 2461681
5740 2461198
5740 2461860
5750 2469162
5750 2468435
5750 2468701
5760 2475864
5760 2472134
5760 2468966
5770 2480193
5770 2476104
5770 2478453
5780 2483747
5780 2484793
5780 2481448
5790 2487093
5790 2486440
5790 2486607
5800 2493265
5800 2491090
5800 2495343
5810 2500213
5810 2495888
5810 2495050
5820 2503056
5820 2502484
5820 2502750
5830 2507531
5830 2504745
5830 2505026
5840 2512821
5840 2509080
5840 2513087
5850 2517438
5850 2520177
5850 2517441
5860 2523705
5860 2523618
5860 2521255
5870 2525550
5870 2526066
5870 2529313
5880 2531859
5880 2532372
5880 2532505
5890 2536930
5890 2539444
5890 2535203
5900 2540632
5900 2544463
5900 2544606
5910 2541038
5910 2547148
5910 2550698
5920 2555563
5920 2551538
5920 2553756
5930 2556199
5930 2557101
5930 2556317
5940 2558770
5940 2560528
5940 2563326
5950 2566967
5950 2564969
5950 2564607
5960 2572007
5960 2572460
5960 2570389
5970 2574643
5970 2576459
5970 2575462
5980 2581543
5980 2580207
5980 2579383
5990 2586368
5990 2586546
5990 2585441
6000 2593380
6000 2589035
6000 2591117
6010 2593457
6010 2597287
6010 2597395
6020 2603084
6020 2601386
6020 2600807
6030 2608852
6030 2604516
6030 2603233
6040 2611593
6040 2610100
6040 2606962
6050 2615154
6050 2615796
6050 2616136
6060 2619498
6060 2620356
6060 2622136
6070 2624578
6070 2622986
6070 2623035
6080 2630014
6080 2629620
6080 2629748
6090 2636592
6090 2635906
6090 2634725
6100 2637440
6100 2639171
6100 2637828
6110 2647195
6110 2645866
6110 2643943
6120 2649510
6120 2650158
6120 2648628
6130 2656133
6130 2657572
6130 2656717
6140 2660560
6140 2658208
6140 2658198
6150 2664674
6150 2661616
6150 2666715
6160 2667805
6160 2670012
6160 2670672
6170 2672462
6170 2674202
6170 2674120
6180 2681903
6180 2679345
6180 2680683
6190 2684785
6190 2682311
6190 2684190
6200 2687448
6200 2689312
6200 2690045
6210 2692066
6210 2693207
6210 2693324
6220 2698484
6220 2697160
6220 2693922
6230 2705193
6230 2703927
6230 2706572
6240 2709302
6240 2704643
6240 2710354
6250 2711655
6250 2712921
6250 2713504
6260 2718670
6260 2719445
6260 2719532
6270 2723760
6270 2726154
6270 2723518
6280 2727610
6280 2730808
6280 2727232
6290 2734118
6290 2733686
6290 2731395
6300 2738205
6300 2738382
6300 2738201
6310 2743023
6310 2744001
6310 2741856
6320 2749114
6320 2750180
6320 2750083
6330 2755286
6330 2750051
6330 2751834
6340 2760741
6340 2759363
6340 2757440
6350 2764209
6350 2763388
6350 2760980
6360 2767099
6360 2769808
6360 2765972
6370 2772474
6370 2774597
6370 2774285
6380 2778108
6380 2777208
6380 2778395
6390 2782479
6390 2784032
6390 2778572
6400 2786382
6400 2788547
6400 2787109
6410 2793138
6410 2793219
6410 2793004
6420 2796689
6420 2794635
6420 2795436
6430 2802285
6430 2802934
6430 2804180
6440 2803578
6440 2810812
6440 2807438
6450 2814129
6450 2812782
6450 2809300
6460 2818005
6460 2816652
6460 2816809
6470 2820805
6470 2820970
6470 2822999
6480 2825819
6480 2823297
6480 2827279
6490 2832131
6490 2832845
6490 2832581
6500 2832780
6500 2835245
6500 2836786
6510 2842620
6510 2840626
6510 2840043
6520 2845788
6520 2846777
6520 2847994
6530 2854159
6530 2850657
6530 2848330
6540 2855071
6540 2856266
6540 2856139
6550 2859929
6550 2862017
6550 2861485
6560 2869685
6560 2866997
6560 2866435
6570 2870733
6570 2869808
6570 2873644
6580 2875666
6580 2877481
6580 2874198
6590 2882500
6590 2881478
6590 2881464
6600 2885168
6600 2885027
6600 2884614
6610 2890996
6610 2892059
6610 2889946
6620 2896829
6620 2895934
6620 2896109
6630 2901185
6630 2902408
6630 2901982
6640 2904026
6640 2907237
6640 2906971
6650 2913775
6650 2909934
6650 2909860
6660 2913159
6660 2916483
6660 2913702
6670 2920218
6670 2920089
6670 2922615
6680 2928478
6680 2923425
6680 2923782
6690 2931910
6690 2931948
6690 2930585
6700 2936529
6700 2938207
6700 2934798
6710 2941435
6710 2940665
6710 2940843
6720 2944548
6720 2945970
6720 2945336
6730 2950669
6730 2951145
6730 2951778
6740 2956834
6740 2955715
6740 2951749
6750 2959727
6750 2960202
6750 2957956
6760 2967130
6760 2964303
6760 2961182
6770 2972829
6770 2971581
6770 2970722
6780 2975391
6780 2972508
6780 2977269
6790 2980567
6790 2980393
6790 2977810
6800 2985985
6800 2986139
6800 2987356
6810 2988824
6810 2989791
6810 2992495
6820 2997941
6820 2995687
6820 2995521
6830 3001593
6830 3001487
6830 2998309
6840 3003126
6840 3004897
6840 3006186
6850 3010855
6850 3010994
6850 3010609
6860 3013598
6860 3013517
6860 3011187
6870 3016184
6870 3019859
6870 3016989
6880 3026173
6880 3025400
6880 3022572
6890 3031675
6890 3031102
6890 3026871
6900 3033492
6900 3035492
6900 3035039
6910 3040552
6910 3041745
6910 3038026
6920 3042744
6920 3045407
6920 3044760
6930 3047691
6930 3049958
6930 3047639
6940 3052142
6940 3055056
6940 3055086
6950 3059819
6950 3058596
6950 3060181
6960 3061844
6960 3064120
6960 3067477
6970 3069149
6970 3067780
6970 3069847
6980 3070976
6980 3074423
6980 3072586
6990 3079435
6990 3078581
6990 3078691
7000 3085590
7000 3084195
7000 3083609
7010 3087917
7010 3089598
7010 3084810
7020 3090897
7020 3094731
7020 3095349
7030 3099585
7030 3099683
7030 3099154
7040 3099663
7040 3104649
7040 3103481
7050 3110256
7050 3108478
7050 3109316
7060 3116399
7060 3113706
7060 3112268
7070 3118176
7070 3116784
7070 3118184
7080 3122235
7080 3122496
7080 3123107
7090 3127472
7090 3125240
7090 3127236
7100 3133544
7100 3134061
7100 3131731
7110 3138486
7110 3136606
7110 3137395
7120 3144868
7120 3142586
7120 3140366
7130 3150229
7130 3147905
7130 3152691
7140 3152838
7140 3152412
7140 3152045
7150 3158139
7150 3158816
7150 3159169
7160 3167299
7160 3163356
7160 3162714
7170 3166103
7170 3165847
7170 3168608
7180 3169168
7180 3173936
7180 3170239
7190 3181218
7190 3178412
7190 3176388
7200 3185797
7200 3184639
7200 3179871
7210 3188377
7210 3189088
7210 3187313
7220 3189048
7220 3194187
7220 3194221
7230 3197567
7230 3199378
7230 3194757
7240 3202237
7240 3200723
7240 3202100
7250 3209377
7250 3208846
7250 3208421
7260 3211572
7260 3214909
7260 3210972
7270 3215916
7270 3216424
7270 3220510
7280 3222449
7280 3223569
7280 3224705
7290 3224924
7290 3226931
7290 3225906
7300 3234276
7300 3231738
7300 3233290
7310 3239138
7310 3237019
7310 3236672
7320 3243683
7320 3242387
7320 3241319
7330 3245468
7330 3245735
7330 3247691
7340 3254124
7340 3252184
7340 3251480
7350 3257457
7350 3258184
7350 3257287
7360 3261914
7360 3262033
7360 3257381
7370 3266169
7370 3267351
7370 3265904
7380 3272579
7380 3273057
7380 3271718
7390 3277344
7390 3278586
7390 3274647
7400 3282130
7400 3280369
7400 3283660
7410 3286236
7410 3285165
7410 3288347
7420 3294311
7420 3289011
7420 3292070
7430 3296278
7430 3295551
7430 3297927
7440 3303050
7440 3299581
7440 3300404
7450 3307097
7450 3304021
7450 3306998
7460 3312108
7460 3309685
7460 3312739
7470 3318643
7470 3316603
7470 3314578
7480 3322709
7480 3323890
7480 3320395
7490 3328423
7490 3327859
7490 3327935
7500 3334028
7500 3330286
7500 3331255
7510 3338273
7510 3337576
7510 3337721
7520 3342666
7520 3343359
7520 3342572
7530 3344013
7530 3345251
7530 3348658
7540 3350756
7540 3353102
7540 3352833
7550 3356033
7550 3356717
7550 3354498
7560 3358287
7560 3359782
7560 3359853
7570 3367174
7570 3365810
7570 3367183
7580 3372038
7580 3373458
7580 3368445
7590 3377145
7590 3378731
7590 3377179
7600 3384884
7600 3384862
7600 3380976
7610 3385953
7610 3386349
7610 3386790
7620 3392359
7620 3391444
7620 3389679
7630 3396133
7630 3397970
7630 3392500
7640 3399821
7640 3402216
7640 3400767
7650 3407254
7650 3405909
7650 3405372
7660 3412312
7660 3411489
7660 3406327
7670 3414882
7670 3416767
7670 3416427
7680 3421203
7680 3423110
7680 3420174
7690 3424204
7690 3428929
7690 3425231
7700 3429160
7700 3434188
7700 3428097
7710 3435029
7710 3439322
7710 3434237
7720 3444278
7720 3442254
7720 3442820
7730 3443774
7730 3445396
7730 3447417
7740 3451720
7740 3452351
7740 3453166
7750 3458423
7750 3458654
7750 3455838
7760 3462404
7760 3461124
7760 3461734
7770 3465627
7770 3465780
7770 3468094
7780 3471038
7780 3471738
7780 3470572
7790 3476286
7790 3473172
7790 3473460
7800 3480970
7800 3483037
7800 3479810
7810 3489940
7810 3485270
7810 3486672
7820 3491093
7820 3492419
7820 3493341
7830 3495521
7830 3492112
7830 3494760
7840 3502840
7840 3505319
7840 3499006
7850 3506289
7850 3507402
7850 3507786
7860 3507969
7860 3512020
7860 3508684
7870 3516339
7870 3514171
7870 3517044
7880 3523130
7880 3522799
7880 3523857
7890 3526822
7890 3525717
7890 3524846
7900 3528220
7900 3532672
7900 3532860
7910 3538398
7910 3534430
7910 3537824
7920 3540090
7920 3541147
7920 3541846
7930 3545566
7930 3547736
7930 3544988
7940 3551637
7940 3550326
7940 3553011
7950 3556664
7950 3556277
7950 3553142
7960 3564066
7960 3562222
7960 3562067
7970 3565948
7970 3567906
7970 3566047
7980 3572027
7980 3571139
7980 3570184
7990 3577005
7990 3575422
7990 3578231
8000 3577882
8000 3582705
8000 3582932
8010 3588036
8010 3587259
8010 3586324
8020 3595266
8020 3591491
8020 3590859
8030 3593025
8030 3598185
8030 3594048
8040 3600870
8040 3601584
8040 3600832
8050 3607017
8050 3606564
8050 3605769
8060 3611836
8060 3610850
8060 3610303
8070 3613735
8070 3613092
8070 3615760
8080 3618500
8080 3621360
8080 3621810
8090 3626079
8090 3626183
8090 3625374
8100 3629345
8100 3632827
8100 3630220
8110 3635659
8110 3638857
8110 3637764
8120 3639443
8120 3640829
8120 3643395
8130 3646084
8130 3647688
8130 3645917
8140 3651248
8140 3651496
8140 3652658
8150 3658572
8150 3654124
8150 3657920
8160 3661038
8160 3659929
8160 3659822
8170 3667491
8170 3666157
8170 3664375
8180 3670541
8180 3668793
8180 3670624
8190 3679073
8190 3674344
8190 3674745
8200 3681391
8200 3682447
8200 3678562
8210 3689702
8210 3684450
8210 3688169
8220 3692081
8220 3694901
8220 3692879
8230 3693194
8230 3696533
8230 3695898
8240 3701251
8240 3705155
8240 3699687
8250 3707263
8250 3703927
8250 3707363
8260 3712684
8260 3712989
8260 3711105
8270 3717301
8270 3717135
8270 3718118
8280 3722150
8280 3721888
8280 3720686
8290 3726645
8290 3727902
8290 3725004
8300 3733629
8300 3733848
8300 3730609
8310 3736559
8310 3738181
8310 3740420
8320 3741753
8320 3742802
8320 3743718
8330 3747243
8330 3745140
8330 3749346
8340 3754879
8340 3754038
8340 3754084
8350 3756280
8350 3759284
8350 3760803
8360 3760821
8360 3764792
8360 3766142
8370 3768377
8370 3765270
8370 3768228
8380 3773809
8380 3774079
8380 3770645
8390 3777453
8390 3780906
8390 3776840
8400 3783790
8400 3785134
8400 3783739
8410 3790214
8410 3788513
8410 3786206
8420 3792077
8420 3793844
8420 3792227
8430 3799160
8430 3801938
8430 3799447
8440 3805020
8440 3806502
8440 3805476
8450 3811966
8450 3807904
8450 3808153
8460 3817306
8460 3814662
8460 3815546
8470 3819254
8470 3821155
8470 3820475
8480 3824602
8480 3827284
8480 3823654
8490 3828016
8490 3827048
8490 3830290
8500 3835916
8500 3833300
8500 3837611
8510 3839843
8510 3838689
8510 3842848
8520 3848198
8520 3844783
8520 3845228
8530 3852185
8530 3852065
8530 3851352
8540 3856858
8540 3853543
8540 3862142
8550 3862573
8550 3862608
8550 3862721
8560 3867385
8560 3862943
8560 3864822
8570 3870958
8570 3870607
8570 3875072
8580 3877786
8580 3875990
8580 3877064
8590 3882476
8590 3881036
8590 3878603
8600 3887103
8600 3889300
8600 3887618
8610 3892670
8610 3892519
8610 3887792
8620 3899017
8620 3899177
8620 3896315
8630 3903689
8630 3902544
8630 3902408
8640 3906034
8640 3906992
8640 3906488
8650 3912732
8650 3914892
8650 3916163
8660 3918703
8660 3918521
8660 3918707
8670 3924280
8670 3923137
8670 3921106
8680 3928735
8680 3925703
8680 3928069
8690 3932457
8690 3931659
8690 3931588
8700 3940697
8700 3939320
8700 3937567
8710 3941352
8710 3940572
8710 3940407
8720 3949923
8720 3948977
8720 3949499
8730 3953453
8730 3955868
8730 3954711
8740 3958701
8740 3959219
8740 3957585
8750 3963297
8750 3964647
8750 3962371
8760 3970297
8760 3970592
8760 3967655
8770 3972979
8770 3975621
8770 3973639
8780 3980368
8780 3981651
8780 3979512
8790 3986286
8790 3988165
8790 3987743
8800 3988128
8800 3991441
8800 3985677
8810 3994208
8810 3997293
8810 3994839
8820 3998513
8820 4002089
8820 4001562
8830 4004736
8830 4005433
8830 4006033
8840 4007828
8840 4011181
8840 4013622
8850 4017125
8850 4018201
8850 4016727
8860 4021158
8860 4020562
8860 4025174
8870 4026872
8870 4027039
8870 4025696
8880 4029342
8880 4031076
8880 4031758
8890 4035416
8890 4037672
8890 4039468
8900 4041105
8900 4041661
8900 4044036
8910 4044217
8910 4049401
8910 4045473
8920 4052666
8920 4054064
8920 4051743
8930 4058085
8930 4057518
8930 4057697
8940 4064425
8940 4059043
8940 4061572
8950 4069495
8950 4069736
8950 4069387
8960 4072338
8960 4076314
8960 4078802
8970 4078027
8970 4076529
8970 4079056
8980 4083134
8980 4080596
8980 4088225
8990 4088837
8990 4087632
8990 4086126
9000 4093649
9000 4093791
9000 4092153
9010 4100768
9010 4100414
9010 4101804
9020 4104898
9020 4101839
9020 4106318
9030 4110038
9030 4110304
9030 4106376
9040 4115197
9040 4116726
9040 4114734
9050 4122744
9050 4122947
9050 4122028
9060 4128431
9060 4128382
9060 4126751
9070 4127010
9070 4133822
9070 4131605
9080 4136897
9080 4135870
9080 4131781
9090 4140782
9090 4142140
9090 4137974
9100 4144764
9100 4145286
9100 4149575
9110 4148361
9110 4151788
9110 4151879
9120 4156006
9120 4157326
9120 4156269
9130 4161441
9130 4157962
9130 4158813
9140 4164900
9140 4169244
9140 4168651
9150 4171386
9150 4172737
9150 4173176
9160 4177878
9160 4174932
9160 4177259
9170 4183135
9170 4182395
9170 4178790
9180 4185841
9180 4187735
9180 4187805
9190 4194228
9190 4192693
9190 4191592
9200 4198449
9200 4197163
9200 4199720
9210 4205615
9210 4205933
9210 4202337
9220 4209489
9220 4207212
9220 4210233
9230 4215272
9230 4213653
9230 4215593
9240 4221633
9240 4221075
9240 4217383
9250 4225724
9250 4225360
9250 4224720
9260 4233107
9260 4230017
9260 4230137
9270 4234380
9270 4237105
9270 4233991
9280 4240651
9280 4241347
9280 4241651
9290 4243722
9290 4244845
9290 4242417
9300 4248054
9300 4251602
9300 4247536
9310 4257059
9310 4253970
9310 4254438
9320 4261403
9320 4262901
9320 4258639
9330 4267649
9330 4267624
9330 4266569
9340 4269143
9340 4269075
9340 4271360
9350 4279336
9350 4276946
9350 4280251
9360 4279876
9360 4282827
9360 4279389
9370 4286006
9370 4288050
9370 4288298
9380 4292218
9380 4293734
9380 4290542
9390 4299550
9390 4299219
9390 4296114
9400 4299154
9400 4302533
9400 4300687
9410 4308659
9410 4311087
9410 4307231
9420 4315324
9420 4312828
9420 4314232
9430 4317959
9430 4320862
9430 4317583
9440 4322919
9440 4321676
9440 4321180
9450 4330455
9450 4330182
9450 4330282
9460 4332769
9460 4335398
9460 4333384
9470 4343544
9470 4338475
9470 4339108
9480 4344445
9480 4339593
9480 4344088
9490 4349308
9490 4348672
9490 4349955
9500 4354917
9500 4354572
9500 4356227
9510 4357576
9510 4356640
9510 4366348
9520 4365260
9520 4366537
9520 4367080
9530 4371205
9530 4373000
9530 4370615
9540 4378264
9540 4378983
9540 4374766
9550 4381265
9550 4380774
9550 4382747
9560 4386900
9560 4386695
9560 4384526
9570 4390104
9570 4390313
9570 4389705
9580 4397525
9580 4397146
9580 4396894
9590 4400129
9590 4399337
9590 4397482
9600 4409058
9600 4407571
9600 4405975
9610 4412383
9610 4413117
9610 4412113
9620 4416609
9620 4417793
9620 4421554
9630 4421194
9630 4421287
9630 4424515
9640 4427118
9640 4430857
9640 4427314
9650 4430752
9650 4433560
9650 4437778
9660 4436284
9660 4438217
9660 4439503
9670 4446521
9670 4443957
9670 4442918
9680 4446235
9680 4448188
9680 4449296
9690 4452120
9690 4452992
9690 4451744
9700 4461664
9700 4458902
9700 4457499
9710 4467109
9710 4465871
9710 4466200
9720 4470181
9720 4470488
9720 4470879
9730 4473500
9730 4478377
9730 4479698
9740 4480082
9740 4479310
9740 4481744
9750 4488513
9750 4487587
9750 4484553
9760 4490846
9760 4493309
9760 4487874
9770 4494892
9770 4492851
9770 4495863
9780 4501695
9780 4502482
9780 4500466
9790 4506733
9790 4509371
9790 4504418
9800 4513225
9800 4511087
9800 4508993
9810 4517007
9810 4519130
9810 4517136
9820 4522821
9820 4518387
9820 4521639
9830 4530919
9830 4528981
9830 4526838
9840 4533904
9840 4531471
9840 4533608
9850 4534056
9850 4536088
9850 4536401
9860 4543050
9860 4539507
9860 4544219
9870 4550569
9870 4545518
9870 4550999
9880 4554046
9880 4553060
9880 4555858
9890 4557048
9890 4557775
9890 4560046
9900 4566479
9900 4565410
9900 4563156
9910 4567456
9910 4574562
9910 4568234
9920 4574568
9920 4576396
9920 4575378
9930 4578286
9930 4578378
9930 4582249
9940 4585608
9940 4585701
9940 4588077
9950 4590676
9950 4591440
9950 4590783
9960 4593029
9960 4598787
9960 4594696
9970 4601957
9970 4601576
9970 4600789
9980 4605126
9980 4606907
9980 4605576
9990 4612715
9990 4610530
9990 4609781
10000 4615950
10000 4613718
10000 4618509
