100 24254
100 24066
100 24251
110 27466
110 27323
110 27448
120 30511
120 30696
120 30181
130 33902
130 34056
130 33402
140 37230
140 37387
140 37408
150 39945
150 40599
150 40795
160 43792
160 44516
160 44243
170 47945
170 47279
170 47808
180 51418
180 50962
180 51287
190 54774
190 54660
190 54311
200 58561
200 57667
200 58121
210 62005
210 61725
210 61991
220 65870
220 65504
220 65864
230 69503
230 69629
230 69742
240 72432
240 72686
240 73151
250 76520
250 76618
250 77095
260 80795
260 80040
260 80598
270 84154
270 84411
270 84315
280 87977
280 88127
280 88378
290 91481
290 92517
290 92082
300 95518
300 96592
300 96799
310 100703
310 100270
310 100066
320 104112
320 104089
320 104936
330 108511
330 108297
330 108647
340 112119
340 112441
340 111574
350 116438
350 116381
350 116162
360 120040
360 120009
360 119734
370 124281
370 125036
370 124914
380 128945
380 128662
380 128864
390 133710
390 133077
390 132816
400 136075
400 137045
400 137001
410 140765
410 141192
410 140877
420 145746
420 145061
420 145538
430 149348
430 149298
430 148899
440 153253
440 153879
440 153729
450 157977
450 157648
450 157915
460 161742
460 161628
460 162553
470 165533
470 165894
470 166495
480 169643
480 170330
480 170403
490 174432
490 174265
490 174452
500 178952
500 178686
500 177951
510 181275
510 182445
510 182636
520 186838
520 187576
520 187842
530 190658
530 191303
530 191602
540 196127
540 195234
540 195178
550 200345
550 200669
550 200143
560 204809
560 205048
560 205119
570 208660
570 210045
570 209735
580 213776
580 213197
580 214176
590 218974
590 218677
590 219200
600 223098
600 222881
600 223530
610 227357
610 227426
610 225770
620 231771
620 231015
620 231894
630 236721
630 236042
630 236606
640 240688
640 239711
640 240795
650 245705
650 246273
650 245461
660 249947
660 249127
660 249390
670 254711
670 254794
670 254439
680 258820
680 259315
680 259401
690 264334
690 263574
690 264398
700 267793
700 267720
700 268681
710 272355
710 273130
710 273159
720 278173
720 277001
720 276869
730 282024
730 281565
730 281689
740 285358
740 286017
740 286993
750 291309
750 291496
750 291630
760 297200
760 297013
760 296540
770 299934
770 299639
770 300813
780 305645
780 304727
780 306347
790 310137
790 310198
790 309777
800 314274
800 314404
800 313504
810 319252
810 318950
810 319751
820 324079
820 322672
820 323427
830 327161
830 328372
830 328016
840 332489
840 333488
840 334062
850 335993
850 338423
850 338025
860 343086
860 341887
860 341730
870 346581
870 346488
870 347841
880 351900
880 352091
880 352459
890 355920
890 356590
890 356947
900 361979
900 360254
900 361685
910 364700
910 365284
910 365600
920 370240
920 369780
920 369942
930 374316
930 375135
930 374964
940 378990
940 378754
940 379417
950 384478
950 384075
950 383602
960 389227
960 389921
960 388403
970 393958
970 393424
970 393765
980 397341
980 397637
980 400066
990 401309
990 401106
990 402023
1000 407472
1000 407977
1000 407486
1010 412099
1010 412220
1010 413018
1020 417185
1020 417602
1020 416449
1030 421078
1030 421108
1030 422138
1040 425590
1040 426809
1040 426263
1050 431213
1050 430780
1050 431797
1060 436799
1060 436440
1060 437146
1070 441563
1070 442130
1070 441392
1080 445984
1080 446375
1080 446838
1090 450855
1090 451937
1090 451987
1100 455904
1100 456722
1100 457340
1110 461591
1110 462514
1110 461777
1120 466976
1120 466650
1120 466651
1130 471631
1130 471087
1130 471992
1140 476490
1140 477155
1140 477055
1150 481732
1150 481265
1150 483336
1160 486687
1160 487482
1160 485471
1170 490369
1170 492263
1170 492670
1180 495825
1180 496754
1180 496369
1190 501796
1190 502189
1190 502044
1200 506967
1200 506690
1200 505401
1210 512134
1210 511640
1210 511867
1220 516528
1220 516902
1220 515335
1230 522168
1230 522235
1230 519936
1240 527281
1240 526787
1240 527845
1250 531337
1250 533017
1250 530136
1260 536210
1260 536946
1260 535549
1270 541238
1270 541627
1270 544352
1280 546468
1280 547022
1280 547887
1290 551922
1290 552281
1290 552433
1300 556446
1300 558081
1300 556874
1310 561377
1310 561493
1310 561846
1320 566698
1320 565798
1320 565840
1330 570266
1330 573466
1330 571896
1340 577219
1340 578036
1340 577534
1350 582706
1350 582190
1350 582848
1360 586569
1360 586551
1360 587327
1370 592780
1370 592449
1370 591828
1380 598163
1380 597018
1380 597041
1390 602076
1390 602864
1390 603397
1400 607692
1400 608729
1400 607244
1410 612013
1410 612492
1410 612737
1420 617605
1420 617904
1420 617810
1430 623453
1430 623616
1430 622169
1440 628535
1440 627923
1440 628796
1450 632834
1450 633396
1450 632402
1460 639195
1460 638752
1460 638804
1470 644086
1470 642157
1470 642972
1480 648571
1480 647162
1480 647016
1490 653288
1490 653168
1490 654034
1500 658905
1500 659159
1500 659707
1510 663816
1510 664121
1510 664354
1520 668172
1520 669958
1520 670477
1530 675991
1530 673177
1530 674018
1540 679797
1540 680705
1540 678681
1550 684228
1550 683440
1550 683599
1560 689237
1560 690118
1560 689924
1570 694702
1570 694038
1570 695283
1580 700356
1580 699048
1580 699392
1590 705047
1590 704346
1590 705882
1600 710149
1600 709434
1600 710603
1610 714408
1610 714530
1610 714411
1620 720553
1620 719513
1620 721434
1630 725320
1630 725187
1630 725376
1640 729316
1640 731530
1640 730021
1650 737708
1650 734650
1650 735515
1660 741526
1660 742773
1660 740377
1670 745805
1670 745277
1670 746276
1680 751174
1680 751224
1680 751727
1690 756279
1690 757082
1690 756556
1700 761638
1700 760866
1700 760874
1710 766544
1710 767052
1710 767099
1720 771638
1720 771990
1720 769966
1730 777094
1730 776882
1730 776463
1740 782923
1740 781066
1740 782284
1750 786996
1750 786930
1750 787530
1760 791990
1760 790839
1760 793009
1770 798611
1770 798502
1770 798067
1780 804747
1780 802234
1780 802470
1790 807481
1790 809583
1790 808293
1800 812062
1800 812693
1800 813390
1810 816728
1810 817301
1810 817449
1820 822561
1820 823354
1820 822114
1830 827659
1830 828039
1830 829052
1840 834075
1840 835166
1840 835324
1850 840276
1850 839776
1850 838918
1860 845131
1860 843522
1860 843394
1870 849349
1870 848828
1870 848717
1880 853278
1880 853560
1880 856214
1890 859111
1890 858295
1890 859382
1900 863091
1900 865424
1900 866321
1910 868730
1910 870887
1910 871043
1920 874383
1920 873774
1920 874606
1930 880866
1930 881785
1930 880909
1940 885061
1940 885505
1940 884724
1950 891296
1950 890055
1950 890952
1960 897616
1960 894973
1960 896698
1970 901538
1970 902079
1970 901475
1980 908424
1980 906123
1980 905421
1990 911911
1990 911429
1990 913560
2000 916991
2000 917842
2000 917404
2010 923291
2010 921790
2010 921925
2020 927127
2020 927224
2020 927073
2030 932348
2030 931509
2030 932897
2040 937091
2040 939484
2040 937924
2050 942777
2050 942893
2050 942399
2060 949684
2060 948109
2060 948261
2070 953212
2070 951103
2070 954526
2080 960192
2080 958510
2080 959510
2090 965109
2090 965475
2090 965492
2100 969119
2100 970430
2100 969513
2110 975987
2110 975614
2110 976126
2120 979791
2120 979309
2120 980821
2130 987519
2130 985798
2130 986152
2140 992385
2140 992276
2140 991416
2150 998604
2150 996731
2150 997339
2160 1004048
2160 1003713
2160 1000933
2170 1008252
2170 1007144
2170 1008630
2180 1013986
2180 1013509
2180 1015004
2190 1018863
2190 1019469
2190 1019927
2200 1025007
2200 1025640
2200 1024328
2210 1029003
2210 1030895
2210 1029110
2220 1034861
2220 1036194
2220 1037602
2230 1042189
2230 1041430
2230 1043047
2240 1046363
2240 1046975
2240 1045614
2250 1052137
2250 1053274
2250 1049313
2260 1058534
2260 1058509
2260 1058117
2270 1062966
2270 1064065
2270 1064123
2280 1067974
2280 1069246
2280 1070380
2290 1074521
2290 1073641
2290 1074285
2300 1078617
2300 1079743
2300 1080757
2310 1083891
2310 1084100
2310 1085516
2320 1091800
2320 1092116
2320 1092307
2330 1096157
2330 1096408
2330 1096779
2340 1101633
2340 1102077
2340 1101673
2350 1108863
2350 1108210
2350 1108302
2360 1113995
2360 1112785
2360 1114129
2370 1119086
2370 1117421
2370 1119622
2380 1123312
2380 1124061
2380 1123453
2390 1130689
2390 1128960
2390 1128439
2400 1134212
2400 1134836
2400 1134709
2410 1139731
2410 1139793
2410 1143176
2420 1144904
2420 1144142
2420 1146076
2430 1154320
2430 1150512
2430 1152363
2440 1157442
2440 1158124
2440 1156778
2450 1162790
2450 1164033
2450 1162383
2460 1170083
2460 1169108
2460 1168323
2470 1174615
2470 1174523
2470 1174751
2480 1179287
2480 1179407
2480 1181182
2490 1182908
2490 1185940
2490 1184941
2500 1191718
2500 1191940
2500 1191377
2510 1196571
2510 1195193
2510 1195731
2520 1201268
2520 1202317
2520 1201049
2530 1207291
2530 1207755
2530 1207199
2540 1213270
2540 1212684
2540 1212449
2550 1218599
2550 1218199
2550 1217441
2560 1223429
2560 1223403
2560 1223736
2570 1230165
2570 1229414
2570 1230685
2580 1235392
2580 1233952
2580 1234595
2590 1241816
2590 1241233
2590 1239816
2600 1247200
2600 1246212
2600 1247273
2610 1251845
2610 1248676
2610 1252092
2620 1258945
2620 1257627
2620 1255946
2630 1262285
2630 1265072
2630 1263253
2640 1268794
2640 1270375
2640 1269356
2650 1274989
2650 1275074
2650 1275575
2660 1280568
2660 1280003
2660 1279716
2670 1285954
2670 1285501
2670 1286075
2680 1290804
2680 1287517
2680 1288731
2690 1297480
2690 1298643
2690 1297101
2700 1300811
2700 1303281
2700 1304615
2710 1308897
2710 1305236
2710 1307415
2720 1313715
2720 1312438
2720 1312654
2730 1319612
2730 1318481
2730 1318745
2740 1324330
2740 1323931
2740 1323743
2750 1330776
2750 1327988
2750 1331073
2760 1335085
2760 1336893
2760 1336473
2770 1342884
2770 1342316
2770 1342744
2780 1347741
2780 1347576
2780 1348737
2790 1354521
2790 1351913
2790 1349778
2800 1359465
2800 1357917
2800 1358860
2810 1364994
2810 1364392
2810 1361385
2820 1371228
2820 1369565
2820 1371104
2830 1372952
2830 1375050
2830 1373242
2840 1379069
2840 1380227
2840 1377357
2850 1385938
2850 1383615
2850 1384197
2860 1391459
2860 1394067
2860 1391820
2870 1394904
2870 1395750
2870 1398187
2880 1404054
2880 1401857
2880 1400987
2890 1408969
2890 1408288
2890 1408366
2900 1414333
2900 1414558
2900 1413300
2910 1417509
2910 1418057
2910 1420448
2920 1426404
2920 1427141
2920 1425692
2930 1432614
2930 1430090
2930 1432307
2940 1434810
2940 1437944
2940 1436494
2950 1443809
2950 1441463
2950 1441292
2960 1445421
2960 1446108
2960 1449841
2970 1453522
2970 1454426
2970 1452968
2980 1457573
2980 1459091
2980 1456378
2990 1463545
2990 1463029
2990 1464786
3000 1470349
3000 1467833
3000 1469805
3010 1477455
3010 1476039
3010 1476962
3020 1481449
3020 1481242
3020 1482025
3030 1486005
3030 1487563
3030 1487739
3040 1493949
3040 1493658
3040 1492779
3050 1499434
3050 1498944
3050 1498287
3060 1502191
3060 1506733
3060 1504946
3070 1508331
3070 1510522
3070 1508699
3080 1513709
3080 1516383
3080 1514779
3090 1520750
3090 1520988
3090 1520603
3100 1527511
3100 1529273
3100 1525413
3110 1531954
3110 1535365
3110 1532892
3120 1537113
3120 1536929
3120 1539139
3130 1543961
3130 1543334
3130 1544042
3140 1549474
3140 1547586
3140 1548750
3150 1555559
3150 1556994
3150 1555567
3160 1562120
3160 1559433
3160 1559562
3170 1568069
3170 1565834
3170 1566611
3180 1568868
3180 1572574
3180 1573340
3190 1576677
3190 1577051
3190 1579250
3200 1584780
3200 1582471
3200 1582458
3210 1589318
3210 1588302
3210 1588887
3220 1593811
3220 1595210
3220 1593792
3230 1600323
3230 1599834
3230 1600801
3240 1605343
3240 1607415
3240 1606522
3250 1610744
3250 1612442
3250 1608683
3260 1617502
3260 1618045
3260 1615484
3270 1621554
3270 1620733
3270 1621764
3280 1628234
3280 1628074
3280 1625376
3290 1636561
3290 1632620
3290 1635194
3300 1636486
3300 1638171
3300 1640741
3310 1643850
3310 1645920
3310 1647642
3320 1649475
3320 1650524
3320 1650194
3330 1657542
3330 1656117
3330 1656875
3340 1662330
3340 1662842
3340 1660798
3350 1667351
3350 1668975
3350 1667068
3360 1673147
3360 1672696
3360 1672440
3370 1679071
3370 1681385
3370 1678197
3380 1684710
3380 1683087
3380 1684374
3390 1692288
3390 1690597
3390 1691258
3400 1695835
3400 1694470
3400 1695593
3410 1700700
3410 1702546
3410 1703437
3420 1708697
3420 1708006
3420 1707020
3430 1712064
3430 1712135
3430 1714009
3440 1719275
3440 1719068
3440 1717364
3450 1725446
3450 1725507
3450 1723422
3460 1729676
3460 1729240
3460 1729461
3470 1733191
3470 1733085
3470 1735328
3480 1740707
3480 1741963
3480 1739979
3490 1748705
3490 1747835
3490 1746426
3500 1751872
3500 1751763
3500 1751551
3510 1756599
3510 1757286
3510 1757044
3520 1764704
3520 1764860
3520 1764331
3530 1771148
3530 1770686
3530 1769117
3540 1777077
3540 1774022
3540 1775357
3550 1782665
3550 1780903
3550 1778646
3560 1787038
3560 1785812
3560 1783771
3570 1791595
3570 1793523
3570 1792715
3580 1798783
3580 1797872
3580 1800605
3590 1804673
3590 1802729
3590 1802810
3600 1808677
3600 1807988
3600 1809753
3610 1813590
3610 1815060
3610 1815519
3620 1820661
3620 1819955
3620 1821366
3630 1824943
3630 1824971
3630 1826155
3640 1831539
3640 1831603
3640 1833502
3650 1838703
3650 1836965
3650 1839132
3660 1842651
3660 1845717
3660 1843845
3670 1848315
3670 1850090
3670 1847931
3680 1854194
3680 1855829
3680 1855772
3690 1859305
3690 1860925
3690 1859500
3700 1865293
3700 1866084
3700 1866417
3710 1873859
3710 1874903
3710 1868909
3720 1880942
3720 1879932
3720 1880110
3730 1883777
3730 1884183
3730 1880831
3740 1888056
3740 1888683
3740 1889357
3750 1896482
3750 1896131
3750 1894526
3760 1900927
3760 1901935
3760 1901550
3770 1906639
3770 1906621
3770 1907120
3780 1911189
3780 1912640
3780 1911533
3790 1916564
3790 1919472
3790 1917610
3800 1923256
3800 1924162
3800 1923841
3810 1928528
3810 1927283
3810 1929130
3820 1934053
3820 1935254
3820 1934223
3830 1941881
3830 1942823
3830 1938995
3840 1949178
3840 1943844
3840 1944616
3850 1952497
3850 1951581
3850 1949932
3860 1956959
3860 1955630
3860 1959171
3870 1963512
3870 1964283
3870 1963894
3880 1968732
3880 1969055
3880 1968546
3890 1972562
3890 1975722
3890 1976443
3900 1981350
3900 1980522
3900 1981457
3910 1985076
3910 1988396
3910 1985532
3920 1990969
3920 1991078
3920 1993851
3930 1995840
3930 1996717
3930 1994230
3940 2005488
3940 2004254
3940 2002113
3950 2009589
3950 2008406
3950 2007221
3960 2014431
3960 2014805
3960 2014731
3970 2021256
3970 2022615
3970 2017613
3980 2024236
3980 2028126
3980 2026716
3990 2031980
3990 2030303
3990 2030982
4000 2038910
4000 2038130
4000 2036403
4010 2042762
4010 2041148
4010 2042890
4020 2047596
4020 2047640
4020 2047697
4030 2052582
4030 2055559
4030 2052411
4040 2057999
4040 2058174
4040 2059605
4050 2068192
4050 2064475
4050 2064918
4060 2073530
4060 2071969
4060 2071933
4070 2077224
4070 2080046
4070 2079292
4080 2082701
4080 2085016
4080 2083212
4090 2090919
4090 2089575
4090 2088011
4100 2093689
4100 2095447
4100 2092845
4110 2100742
4110 2100315
4110 2099498
4120 2107818
4120 2105850
4120 2103904
4130 2114958
4130 2111887
4130 2113006
4140 2120218
4140 2120078
4140 2119078
4150 2123787
4150 2126326
4150 2125471
4160 2130737
4160 2129446
4160 2129839
4170 2136430
4170 2135133
4170 2136658
4180 2141981
4180 2140808
4180 2141259
4190 2146875
4190 2146602
4190 2147687
4200 2153196
4200 2155540
4200 2155933
4210 2160588
4210 2160347
4210 2160347
4220 2167989
4220 2166256
4220 2165356
4230 2173778
4230 2171754
4230 2172424
4240 2177501
4240 2177571
4240 2176272
4250 2183516
4250 2184438
4250 2185612
4260 2187569
4260 2191194
4260 2188363
4270 2196057
4270 2194089
4270 2196912
4280 2199738
4280 2201632
4280 2202063
4290 2209260
4290 2208249
4290 2208342
4300 2213993
4300 2212503
4300 2213087
4310 2219490
4310 2221826
4310 2220710
4320 2227846
4320 2227724
4320 2226044
4330 2232589
4330 2233128
4330 2231270
4340 2237764
4340 2237690
4340 2237999
4350 2240906
4350 2244814
4350 2244567
4360 2248776
4360 2251597
4360 2247905
4370 2256218
4370 2256735
4370 2254806
4380 2259558
4380 2261154
4380 2262574
4390 2267876
4390 2268104
4390 2265883
4400 2273946
4400 2274766
4400 2275493
4410 2279715
4410 2280474
4410 2280670
4420 2285937
4420 2286591
4420 2284069
4430 2293040
4430 2292422
4430 2292191
4440 2296461
4440 2299882
4440 2296987
4450 2304142
4450 2302164
4450 2301927
4460 2310446
4460 2309226
4460 2307334
4470 2317262
4470 2316931
4470 2312943
4480 2324527
4480 2324404
4480 2322236
4490 2328075
4490 2327308
4490 2327088
4500 2334437
4500 2333401
4500 2336468
4510 2340115
4510 2340511
4510 2340993
4520 2346192
4520 2345370
4520 2345533
4530 2352581
4530 2352188
4530 2352271
4540 2355550
4540 2355768
4540 2357667
4550 2366721
4550 2363975
4550 2365166
4560 2372891
4560 2371659
4560 2371505
4570 2377578
4570 2374107
4570 2374932
4580 2380282
4580 2380390
4580 2380995
4590 2385070
4590 2387498
4590 2389666
4600 2395799
4600 2394884
4600 2394627
4610 2400305
4610 2402108
4610 2398396
4620 2406049
4620 2406735
4620 2402934
4630 2412874
4630 2411929
4630 2413845
4640 2418496
4640 2416894
4640 2417440
4650 2424334
4650 2424682
4650 2424978
4660 2431143
4660 2429521
4660 2431224
4670 2435910
4670 2436409
4670 2435947
4680 2441756
4680 2442464
4680 2440802
4690 2449358
4690 2443755
4690 2449963
4700 2457503
4700 2455369
4700 2454714
4710 2460863
4710 2458769
4710 2460524
4720 2465340
4720 2466002
4720 2466915
4730 2470858
4730 2472086
4730 2471230
4740 2478519
4740 2478105
4740 2478950
4750 2487674
4750 2483928
4750 2485802
4760 2492059
4760 2492723
4760 2490855
4770 2498757
4770 2497443
4770 2496369
4780 2501127
4780 2502088
4780 2502416
4790 2511817
4790 2508849
4790 2508161
4800 2516579
4800 2516656
4800 2512494
4810 2520207
4810 2521919
4810 2518635
4820 2527316
4820 2527520
4820 2526915
4830 2534743
4830 2532167
4830 2534736
4840 2536292
4840 2540688
4840 2535873
4850 2543492
4850 2546059
4850 2546072
4860 2552489
4860 2549963
4860 2551978
4870 2558138
4870 2556699
4870 2555380
4880 2560731
4880 2566358
4880 2565715
4890 2567450
4890 2571590
4890 2567982
4900 2574792
4900 2574154
4900 2576507
4910 2580115
4910 2581103
4910 2583339
4920 2585257
4920 2587941
4920 2586619
4930 2595378
4930 2591810
4930 2591046
4940 2600288
4940 2598727
4940 2597919
4950 2604575
4950 2607688
4950 2606260
4960 2607119
4960 2612628
4960 2612899
4970 2619709
4970 2616840
4970 2618002
4980 2624707
4980 2623272
4980 2621307
4990 2630476
4990 2630931
4990 2627860
5000 2634086
5000 2632533
5000 2636230
5010 2641999
5010 2642189
5010 2642284
5020 2648106
5020 2650579
5020 2650691
5030 2657078
5030 2654410
5030 2654348
5040 2660483
5040 2662068
5040 2659212
5050 2668517
5050 2665965
5050 2666882
5060 2673772
5060 2675622
5060 2670725
5070 2679816
5070 2675395
5070 2680027
5080 2688778
5080 2683834
5080 2685781
5090 2690606
5090 2690569
5090 2691377
5100 2695442
5100 2696849
5100 2698036
5110 2703019
5110 2703451
5110 2702707
5120 2710181
5120 2708436
5120 2708912
5130 2713757
5130 2715733
5130 2715602
5140 2719449
5140 2720387
5140 2719118
5150 2729523
5150 2725519
5150 2725416
5160 2735018
5160 2733105
5160 2731380
5170 2737500
5170 2740350
5170 2739642
5180 2747683
5180 2744987
5180 2744613
5190 2752010
5190 2752291
5190 2752100
5200 2756791
5200 2756970
5200 2756594
5210 2762639
5210 2762322
5210 2762960
5220 2771155
5220 2767717
5220 2772125
5230 2776402
5230 2776839
5230 2777554
5240 2780641
5240 2784073
5240 2779066
5250 2787548
5250 2787023
5250 2789040
5260 2793604
5260 2796537
5260 2793037
5270 2801114
5270 2800571
5270 2799383
5280 2807607
5280 2805442
5280 2806645
5290 2813736
5290 2811310
5290 2809361
5300 2818283
5300 2816474
5300 2820472
5310 2823034
5310 2823922
5310 2824617
5320 2830102
5320 2828219
5320 2829806
5330 2834446
5330 2836862
5330 2835068
5340 2841828
5340 2843291
5340 2842912
5350 2846515
5350 2849864
5350 2847478
5360 2852125
5360 2856135
5360 2854484
5370 2860317
5370 2862879
5370 2862414
5380 2865454
5380 2866627
5380 2866206
5390 2871489
5390 2873467
5390 2873648
5400 2879866
5400 2878817
5400 2878781
5410 2885191
5410 2884797
5410 2886614
5420 2892532
5420 2888585
5420 2892041
5430 2897985
5430 2897743
5430 2897013
5440 2902772
5440 2903612
5440 2902338
5450 2907746
5450 2911826
5450 2910212
5460 2917200
5460 2917750
5460 2917326
5470 2920988
5470 2923580
5470 2922389
5480 2932544
5480 2925981
5480 2925352
5490 2935099
5490 2934464
5490 2934230
5500 2937394
5500 2940523
5500 2938962
5510 2947053
5510 2947607
5510 2943268
5520 2948835
5520 2952843
5520 2946605
5530 2958932
5530 2957613
5530 2955291
5540 2963940
5540 2965103
5540 2965190
5550 2969123
5550 2968575
5550 2969998
5560 2975824
5560 2977237
5560 2976903
5570 2981316
5570 2981285
5570 2981211
5580 2986838
5580 2988245
5580 2993006
5590 2996417
5590 2996882
5590 2996339
5600 2999320
5600 3000068
5600 2997856
5610 3007491
5610 3010136
5610 3008257
5620 3010804
5620 3012795
5620 3010188
5630 3018833
5630 3019598
5630 3020162
5640 3027174
5640 3027679
5640 3024850
5650 3031072
5650 3034980
5650 3033008
5660 3034894
5660 3038491
5660 3039074
5670 3046568
5670 3043743
5670 3046717
5680 3050629
5680 3048846
5680 3048963
5690 3059239
5690 3059310
5690 3058532
5700 3061548
5700 3062636
5700 3063007
5710 3070604
5710 3067132
5710 3066014
5720 3075641
5720 3076064
5720 3074517
5730 3081803
5730 3081850
5730 3081628
5740 3087070
5740 3087823
5740 3088612
5750 3091415
5750 3092652
5750 3095257
5760 3096627
5760 3101840
5760 3097811
5770 3104771
5770 3103252
5770 3105704
5780 3111483
5780 3113715
5780 3110276
5790 3116511
5790 3119086
5790 3120264
5800 3121503
5800 3123963
5800 3122150
5810 3129247
5810 3129062
5810 3130694
5820 3133730
5820 3137008
5820 3134638
5830 3141690
5830 3142248
5830 3141639
5840 3146334
5840 3148675
5840 3146433
5850 3153459
5850 3155577
5850 3156164
5860 3161867
5860 3161052
5860 3160570
5870 3166666
5870 3166889
5870 3167075
5880 3173752
5880 3171469
5880 3175280
5890 3179880
5890 3178600
5890 3177015
5900 3183464
5900 3185078
5900 3183385
5910 3190802
5910 3189780
5910 3190873
5920 3199799
5920 3198671
5920 3199501
5930 3203270
5930 3202815
5930 3202498
5940 3211898
5940 3211009
5940 3210103
5950 3215161
5950 3214881
5950 3218535
5960 3223219
5960 3223549
5960 3222604
5970 3229497
5970 3229450
5970 3230550
5980 3235602
5980 3235380
5980 3234905
5990 3240874
5990 3239962
5990 3238729
6000 3243129
6000 3244461
6000 3247782
6010 3249007
6010 3254286
6010 3250692
6020 3259358
6020 3257447
6020 3257428
6030 3265781
6030 3262256
6030 3264298
6040 3268837
6040 3267655
6040 3271733
6050 3276603
6050 3277573
6050 3277695
6060 3281368
6060 3281506
6060 3285678
6070 3293317
6070 3290676
6070 3289307
6080 3293283
6080 3294715
6080 3296974
6090 3296916
6090 3297536
6090 3303716
6100 3307838
6100 3310522
6100 3304155
6110 3312756
6110 3314654
6110 3316063
6120 3325273
6120 3318704
6120 3320570
6130 3324757
6130 3327421
6130 3326145
6140 3333228
6140 3330447
6140 3330423
6150 3339373
6150 3340746
6150 3339421
6160 3344991
6160 3341566
6160 3341513
6170 3350797
6170 3348888
6170 3353430
6180 3354940
6180 3355234
6180 3357049
6190 3366784
6190 3364454
6190 3364735
6200 3367182
6200 3368799
6200 3367977
6210 3377585
6210 3375015
6210 3374991
6220 3380870
6220 3380467
6220 3383375
6230 3386859
6230 3386852
6230 3386567
6240 3394028
6240 3391227
6240 3393332
6250 3400587
6250 3398127
6250 3401880
6260 3404987
6260 3404744
6260 3408502
6270 3411677
6270 3413672
6270 3410672
6280 3417817
6280 3419547
6280 3417800
6290 3423366
6290 3424444
6290 3424555
6300 3431257
6300 3428742
6300 3428390
6310 3436068
6310 3437296
6310 3435387
6320 3443310
6320 3440480
6320 3442424
6330 3451564
6330 3448409
6330 3449869
6340 3455722
6340 3456324
6340 3453444
6350 3457825
6350 3460952
6350 3463083
6360 3468861
6360 3471559
6360 3466576
6370 3472905
6370 3474628
6370 3472952
6380 3480055
6380 3482520
6380 3477952
6390 3488990
6390 3484147
6390 3489673
6400 3495697
6400 3491613
6400 3496563
6410 3498739
6410 3498206
6410 3501160
6420 3506088
6420 3504774
6420 3504538
6430 3511626
6430 3515919
6430 3513416
6440 3513307
6440 3516728
6440 3516381
6450 3523965
6450 3522009
6450 3522102
6460 3528149
6460 3528401
6460 3528079
6470 3538002
6470 3537328
6470 3533990
6480 3538261
6480 3542180
6480 3541509
6490 3548987
6490 3549134
6490 3549397
6500 3552607
6500 3550661
6500 3554912
6510 3560473
6510 3561194
6510 3558450
6520 3566477
6520 3566974
6520 3563939
6530 3578053
6530 3572065
6530 3572396
6540 3580130
6540 3580093
6540 3577737
6550 3584575
6550 3583583
6550 3584506
6560 3585773
6560 3592456
6560 3589260
6570 3599393
6570 3593517
6570 3595748
6580 3602926
6580 3604167
6580 3603578
6590 3609396
6590 3611146
6590 3605950
6600 3617463
6600 3619250
6600 3614530
6610 3619268
6610 3622741
6610 3625259
6620 3627421
6620 3628291
6620 3625127
6630 3631928
6630 3636252
6630 3636546
6640 3643971
6640 3641860
6640 3638366
6650 3642564
6650 3644184
6650 3645880
6660 3651802
6660 3648841
6660 3652057
6670 3659240
6670 3658518
6670 3659397
6680 3664124
6680 3664648
6680 3663105
6690 3670622
6690 3671911
6690 3670913
6700 3675020
6700 3678142
6700 3680771
6710 3683136
6710 3680683
6710 3683878
6720 3689962
6720 3686196
6720 3689089
6730 3693679
6730 3698424
6730 3696100
6740 3699738
6740 3703233
6740 3703155
6750 3706243
6750 3710293
6750 3705489
6760 3714754
6760 3714060
6760 3712315
6770 3719781
6770 3717793
6770 3722388
6780 3728665
6780 3725526
6780 3725445
6790 3732187
6790 3730110
6790 3735748
6800 3736988
6800 3737603
6800 3737586
6810 3745332
6810 3745489
6810 3744092
6820 3752174
6820 3750779
6820 3751186
6830 3759604
6830 3756076
6830 3757535
6840 3761902
6840 3762628
6840 3764284
6850 3769590
6850 3769920
6850 3770142
6860 3778637
6860 3777887
6860 3773047
6870 3782076
6870 3782839
6870 3783760
6880 3789082
6880 3788054
6880 3789795
6890 3793415
6890 3792082
6890 3798299
6900 3798598
6900 3799182
6900 3800066
6910 3807456
6910 3804757
6910 3807032
6920 3808917
6920 3813849
6920 3813533
6930 3819147
6930 3816850
6930 3818600
6940 3823852
6940 3826123
6940 3825521
6950 3829143
6950 3834194
6950 3833230
6960 3838712
6960 3836328
6960 3837548
6970 3844081
6970 3843091
6970 3843053
6980 3852035
6980 3848597
6980 3853093
6990 3856525
6990 3853665
6990 3856607
7000 3862436
7000 3860781
7000 3860277
7010 3866765
7010 3868714
7010 3864798
7020 3873606
7020 3876267
7020 3876785
7030 3882778
7030 3880399
7030 3883503
7040 3887230
7040 3886052
7040 3887315
7050 3893991
7050 3893156
7050 3894350
7060 3898460
7060 3900239
7060 3901713
7070 3906123
7070 3904395
7070 3906714
7080 3912550
7080 3913119
7080 3908704
7090 3920210
7090 3915274
7090 3919499
7100 3927237
7100 3924004
7100 3923378
7110 3929034
7110 3930579
7110 3931865
7120 3938115
7120 3935731
7120 3936592
7130 3942071
7130 3940834
7130 3940134
7140 3948381
7140 3948728
7140 3949701
7150 3957281
7150 3955125
7150 3954410
7160 3960161
7160 3961321
7160 3961912
7170 3964800
7170 3966715
7170 3967561
7180 3971479
7180 3974205
7180 3971876
7190 3981269
7190 3981536
7190 3976045
7200 3987747
7200 3986528
7200 3986062
7210 3994351
7210 3990671
7210 3989590
7220 3996719
7220 3999033
7220 3998359
7230 4004026
7230 4003455
7230 4003707
7240 4011135
7240 4011303
7240 4006200
7250 4014486
7250 4018463
7250 4015656
7260 4023853
7260 4025028
7260 4024582
7270 4028633
7270 4029192
7270 4027977
7280 4035383
7280 4037081
7280 4039118
7290 4041924
7290 4039246
7290 4040664
7300 4049075
7300 4048157
7300 4047219
7310 4056565
7310 4053473
7310 4056802
7320 4062082
7320 4057779
7320 4060841
7330 4067318
7330 4068820
7330 4065964
7340 4070028
7340 4071204
7340 4071661
7350 4082195
7350 4079219
7350 4077647
7360 4087336
7360 4085156
7360 4086060
7370 4091693
7370 4091025
7370 4092716
7380 4093786
7380 4096233
7380 4099054
7390 4102871
7390 4102936
7390 4101959
7400 4111336
7400 4110779
7400 4110094
7410 4115487
7410 4116124
7410 4117404
7420 4120509
7420 4123271
7420 4122758
7430 4127363
7430 4125826
7430 4127547
7440 4135258
7440 4131381
7440 4132170
7450 4143635
7450 4137770
7450 4142002
7460 4148307
7460 4147078
7460 4144121
7470 4154025
7470 4151943
7470 4153778
7480 4161373
7480 4161249
7480 4159175
7490 4170881
7490 4169867
7490 4167803
7500 4168065
7500 4170345
7500 4173563
7510 4175914
7510 4180383
7510 4179840
7520 4180479
7520 4185934
7520 4182512
7530 4190806
7530 4188992
7530 4195638
7540 4195933
7540 4198293
7540 4196417
7550 4202569
7550 4204491
7550 4202363
7560 4208169
7560 4208748
7560 4212192
7570 4211952
7570 4211969
7570 4214269
7580 4221348
7580 4221500
7580 4218156
7590 4225510
7590 4229311
7590 4227781
7600 4232652
7600 4232620
7600 4233694
7610 4240644
7610 4239442
7610 4241008
7620 4245857
7620 4245944
7620 4244553
7630 4253819
7630 4255641
7630 4256548
7640 4258807
7640 4257627
7640 4259217
7650 4261464
7650 4263509
7650 4263341
7660 4271380
7660 4272736
7660 4271102
7670 4277395
7670 4279086
7670 4274618
7680 4286658
7680 4282689
7680 4286181
7690 4292735
7690 4286272
7690 4292491
7700 4297804
7700 4296815
7700 4293716
7710 4301345
7710 4304974
7710 4299923
7720 4307887
7720 4309983
7720 4307446
7730 4315529
7730 4314798
7730 4315347
7740 4319987
7740 4319915
7740 4322910
7750 4326525
7750 4326907
7750 4325860
7760 4333110
7760 4331708
7760 4331998
7770 4338546
7770 4342393
7770 4338494
7780 4344585
7780 4346262
7780 4346102
7790 4351435
7790 4348798
7790 4350401
7800 4356780
7800 4361143
7800 4362790
7810 4364827
7810 4363168
7810 4364226
7820 4372149
7820 4374489
7820 4373739
7830 4378636
7830 4375673
7830 4377967
7840 4382142
7840 4383250
7840 4383360
7850 4391261
7850 4390513
7850 4388154
7860 4394752
7860 4395227
7860 4396159
7870 4400874
7870 4401102
7870 4402374
7880 4408590
7880 4406030
7880 4404539
7890 4412974
7890 4414434
7890 4412933
7900 4420663
7900 4419464
7900 4421755
7910 4424866
7910 4427705
7910 4428707
7920 4429218
7920 4435856
7920 4428737
7930 4439181
7930 4440236
7930 4436991
7940 4442842
7940 4446829
7940 4446078
7950 4448376
7950 4452687
7950 4452422
7960 4456832
7960 4457543
7960 4459548
7970 4462695
7970 4465294
7970 4463646
7980 4469562
7980 4467509
7980 4468895
7990 4476481
7990 4476259
7990 4474776
8000 4486930
8000 4484966
8000 4482271
8010 4485067
8010 4491341
8010 4485356
8020 4497125
8020 4496686
8020 4495890
8030 4502622
8030 4501083
8030 4505207
8040 4503748
8040 4506185
8040 4504889
8050 4513662
8050 4513264
8050 4515281
8060 4519041
8060 4517338
8060 4520411
8070 4526199
8070 4526824
8070 4526153
8080 4534732
8080 4533363
8080 4532534
8090 4540177
8090 4541566
8090 4540844
8100 4545250
8100 4544638
8100 4543576
8110 4551526
8110 4550962
8110 4552592
8120 4557218
8120 4559582
8120 4555813
8130 4562720
8130 4563176
8130 4560983
8140 4570092
8140 4569761
8140 4569565
8150 4578303
8150 4575250
8150 4578227
8160 4584770
8160 4579663
8160 4577707
8170 4587382
8170 4588901
8170 4584142
8180 4597034
8180 4596810
8180 4597504
8190 4603103
8190 4600909
8190 4602518
8200 4608929
8200 4604950
8200 4605417
8210 4615651
8210 4615452
8210 4612705
8220 4621349
8220 4618183
8220 4621938
8230 4628018
8230 4625820
8230 4625467
8240 4634102
8240 4635003
8240 4634957
8250 4638560
8250 4643761
8250 4641288
8260 4643221
8260 4645889
8260 4645631
8270 4653273
8270 4653130
8270 4654808
8280 4654577
8280 4657747
8280 4659034
8290 4663382
8290 4665305
8290 4664039
8300 4670325
8300 4669023
8300 4670067
8310 4677960
8310 4680556
8310 4680076
8320 4687703
8320 4681896
8320 4682389
8330 4693578
8330 4692710
8330 4691151
8340 4695897
8340 4698919
8340 4696647
8350 4702818
8350 4706121
8350 4704791
8360 4710681
8360 4710482
8360 4709607
8370 4712240
8370 4714653
8370 4715142
8380 4726082
8380 4716646
8380 4727561
8390 4728925
8390 4728595
8390 4730573
8400 4737984
8400 4732979
8400 4735204
8410 4742625
8410 4743116
8410 4744123
8420 4748948
8420 4747645
8420 4749793
8430 4753077
8430 4754903
8430 4757315
8440 4764314
8440 4761209
8440 4764273
8450 4768647
8450 4771461
8450 4769163
8460 4774232
8460 4771162
8460 4775317
8470 4781718
8470 4779719
8470 4782248
8480 4790364
8480 4788972
8480 4789567
8490 4792741
8490 4795613
8490 4792049
8500 4803058
8500 4805204
8500 4803584
8510 4812251
8510 4806444
8510 4804699
8520 4813324
8520 4813102
8520 4818085
8530 4824290
8530 4820215
8530 4818064
8540 4827845
8540 4823885
8540 4823767
8550 4834575
8550 4834406
8550 4834495
8560 4842511
8560 4842226
8560 4842170
8570 4849178
8570 4845518
8570 4845806
8580 4851573
8580 4852932
8580 4852225
8590 4865082
8590 4859350
8590 4858206
8600 4867299
8600 4864940
8600 4867436
8610 4869349
8610 4872699
8610 4875464
8620 4879225
8620 4881719
8620 4878581
8630 4887138
8630 4886521
8630 4884421
8640 4888797
8640 4891469
8640 4892213
8650 4897521
8650 4898942
8650 4897292
8660 4908077
8660 4904877
8660 4908868
8670 4908428
8670 4908705
8670 4912597
8680 4918934
8680 4916844
8680 4916515
8690 4924036
8690 4925927
8690 4925446
8700 4930984
8700 4931506
8700 4929242
8710 4937268
8710 4938240
8710 4939285
8720 4944632
8720 4941838
8720 4943748
8730 4947952
8730 4952366
8730 4952311
8740 4954939
8740 4958190
8740 4959953
8750 4957734
8750 4964785
8750 4962122
8760 4972152
8760 4971024
8760 4968974
8770 4980823
8770 4977106
8770 4979384
8780 4983466
8780 4982403
8780 4981812
8790 4989363
8790 4991387
8790 4991139
8800 4997499
8800 4996643
8800 4993298
8810 5003595
8810 5006924
8810 5001798
8820 5007024
8820 5011941
8820 5011447
8830 5013746
8830 5016342
8830 5013288
8840 5021821
8840 5024413
8840 5021447
8850 5030134
8850 5032419
8850 5029898
8860 5033597
8860 5036137
8860 5036089
8870 5040495
8870 5042131
8870 5041755
8880 5048150
8880 5049957
8880 5050369
8890 5053870
8890 5055241
8890 5056662
8900 5061877
8900 5061381
8900 5061668
8910 5067659
8910 5069891
8910 5070886
8920 5074625
8920 5074992
8920 5076069
8930 5086377
8930 5077112
8930 5081000
8940 5086986
8940 5083968
8940 5087814
8950 5094425
8950 5093325
8950 5093134
8960 5100485
8960 5100926
8960 5103469
8970 5107983
8970 5106941
8970 5106333
8980 5113450
8980 5116633
8980 5115323
8990 5126589
8990 5119106
8990 5122734
9000 5126602
9000 5128939
9000 5127251
9010 5134391
9010 5131428
9010 5133361
9020 5139067
9020 5139657
9020 5141028
9030 5149539
9030 5147568
9030 5146544
9040 5155841
9040 5151619
9040 5150880
9050 5162632
9050 5159336
9050 5160648
9060 5165332
9060 5164228
9060 5167658
9070 5172277
9070 5172313
9070 5173567
9080 5179657
9080 5179231
9080 5177559
9090 5185354
9090 5187443
9090 5186343
9100 5192524
9100 5192491
9100 5188725
9110 5197455
9110 5198680
9110 5198256
9120 5206073
9120 5203377
9120 5204581
9130 5211436
9130 5216279
9130 5207262
9140 5218397
9140 5219317
9140 5216806
9150 5227752
9150 5225314
9150 5223897
9160 5231469
9160 5229494
9160 5231552
9170 5236675
9170 5240798
9170 5238828
9180 5240866
9180 5241568
9180 5244575
9190 5249571
9190 5250631
9190 5254663
9200 5258232
9200 5255559
9200 5259110
9210 5265313
9210 5263586
9210 5265494
9220 5269225
9220 5267458
9220 5271716
9230 5270795
9230 5277488
9230 5276799
9240 5282645
9240 5283617
9240 5283536
9250 5292755
9250 5291409
9250 5289251
9260 5296338
9260 5296550
9260 5297936
9270 5301032
9270 5304061
9270 5302572
9280 5310041
9280 5307038
9280 5309169
9290 5314308
9290 5313801
9290 5316828
9300 5320059
9300 5325023
9300 5319405
9310 5330837
9310 5329101
9310 5326599
9320 5339911
9320 5336218
9320 5333815
9330 5340253
9330 5343478
9330 5342823
9340 5348839
9340 5349225
9340 5349557
9350 5355637
9350 5357063
9350 5353878
9360 5360700
9360 5363485
9360 5358978
9370 5368188
9370 5366516
9370 5367450
9380 5373273
9380 5377838
9380 5377477
9390 5379186
9390 5381592
9390 5382031
9400 5390970
9400 5388745
9400 5385958
9410 5396012
9410 5393495
9410 5390527
9420 5401047
9420 5399945
9420 5402959
9430 5402970
9430 5407092
9430 5407122
9440 5413327
9440 5412262
9440 5411879
9450 5421172
9450 5419694
9450 5420888
9460 5429274
9460 5429084
9460 5428992
9470 5429739
9470 5435774
9470 5437114
9480 5437573
9480 5441401
9480 5438321
9490 5445316
9490 5448566
9490 5450153
9500 5454142
9500 5452984
9500 5453182
9510 5460682
9510 5460898
9510 5459849
9520 5468284
9520 5467811
9520 5463863
9530 5472876
9530 5471536
9530 5472510
9540 5483947
9540 5478082
9540 5477970
9550 5488398
9550 5485640
9550 5485131
9560 5492635
9560 5493343
9560 5494984
9570 5500105
9570 5499965
9570 5496574
9580 5505855
9580 5505504
9580 5505490
9590 5513586
9590 5512514
9590 5512783
9600 5520006
9600 5519249
9600 5519026
9610 5525699
9610 5527376
9610 5523001
9620 5534625
9620 5532947
9620 5530901
9630 5539168
9630 5537157
9630 5537356
9640 5546472
9640 5544447
9640 5543872
9650 5550580
9650 5552454
9650 5550105
9660 5558019
9660 5558169
9660 5556501
9670 5564230
9670 5565647
9670 5566738
9680 5572507
9680 5571749
9680 5570504
9690 5576438
9690 5573348
9690 5578504
9700 5585736
9700 5581817
9700 5583935
9710 5593735
9710 5588451
9710 5594326
9720 5597106
9720 5600138
9720 5600104
9730 5601163
9730 5607557
9730 5605188
9740 5611130
9740 5610364
9740 5610391
9750 5618294
9750 5618368
9750 5618548
9760 5625174
9760 5622376
9760 5626540
9770 5632755
9770 5632932
9770 5628592
9780 5634842
9780 5634923
9780 5635722
9790 5640343
9790 5645265
9790 5646100
9800 5650127
9800 5646017
9800 5648344
9810 5658334
9810 5657484
9810 5654780
9820 5666397
9820 5662283
9820 5663091
9830 5670666
9830 5669706
9830 5668651
9840 5678343
9840 5677315
9840 5676222
9850 5678717
9850 5681510
9850 5683455
9860 5690640
9860 5689725
9860 5690859
9870 5693376
9870 5696734
9870 5698644
9880 5704695
9880 5702697
9880 5705361
9890 5711180
9890 5710674
9890 5709600
9900 5718733
9900 5715469
9900 5713732
9910 5718411
9910 5723432
9910 5722663
9920 5729063
9920 5728366
9920 5732276
9930 5736472
9930 5736416
9930 5737826
9940 5742745
9940 5741139
9940 5743098
9950 5747054
9950 5751739
9950 5745804
9960 5757207
9960 5758658
9960 5755354
9970 5761918
9970 5761460
9970 5763484
9980 5768631
9980 5771108
9980 5767037
9990 5773293
9990 5773370
9990 5776866
10000 5783243
10000 5785090
10000 5775417
