100 8
100 8
100 8
110 9
110 8
110 8
120 8
120 8
120 9
130 9
130 9
130 8
140 9
140 8
140 9
150 9
150 9
150 9
160 9
160 9
160 9
170 9
170 9
170 9
180 9
180 9
180 9
190 9
190 9
190 9
200 9
200 9
200 9
210 9
210 9
210 9
220 9
220 9
220 9
230 9
230 9
230 9
240 9
240 9
240 9
250 10
250 10
250 9
260 10
260 10
260 9
270 10
270 10
270 10
280 10
280 10
280 10
290 10
290 10
290 10
300 10
300 10
300 10
310 10
310 10
310 10
320 10
320 10
320 10
330 10
330 10
330 10
340 10
340 10
340 10
350 10
350 10
350 10
360 10
360 10
360 10
370 10
370 10
370 10
380 10
380 10
380 10
390 10
390 10
390 10
400 10
400 11
400 10
410 10
410 10
410 10
420 10
420 10
420 11
430 11
430 10
430 10
440 11
440 10
440 10
450 10
450 11
450 10
460 11
460 11
460 11
470 11
470 11
470 11
480 11
480 11
480 11
490 11
490 11
490 11
500 11
500 10
500 10
510 11
510 11
510 11
520 11
520 11
520 10
530 11
530 11
530 11
540 11
540 11
540 11
550 11
550 11
550 11
560 11
560 11
560 11
570 11
570 11
570 11
580 11
580 11
580 11
590 11
590 11
590 11
600 11
600 11
600 11
610 11
610 11
610 11
620 11
620 11
620 11
630 11
630 11
630 11
640 11
640 11
640 11
650 11
650 11
650 11
660 11
660 11
660 11
670 12
670 11
670 11
680 11
680 11
680 11
690 11
690 11
690 11
700 11
700 11
700 11
710 12
710 11
710 11
720 11
720 11
720 11
730 11
730 12
730 12
740 11
740 12
740 12
750 11
750 11
750 11
760 11
760 12
760 11
770 11
770 11
770 11
780 12
780 11
780 12
790 12
790 12
790 12
800 12
800 11
800 11
810 12
810 12
810 11
820 12
820 11
820 12
830 12
830 12
830 11
840 11
840 12
840 12
850 12
850 12
850 11
860 11
860 12
860 12
870 12
870 12
870 12
880 12
880 12
880 12
890 11
890 12
890 12
900 12
900 12
900 12
910 12
910 12
910 12
920 12
920 12
920 12
930 12
930 12
930 12
940 12
940 12
940 12
950 12
950 12
950 12
960 12
960 12
960 12
970 12
970 12
970 12
980 12
980 12
980 12
990 12
990 12
990 12
1000 12
1000 12
1000 12
1010 12
1010 12
1010 12
1020 12
1020 12
1020 12
1030 12
1030 12
1030 12
1040 12
1040 12
1040 12
1050 12
1050 12
1050 12
1060 12
1060 12
1060 12
1070 12
1070 12
1070 12
1080 12
1080 12
1080 12
1090 12
1090 12
1090 12
1100 12
1100 12
1100 12
1110 12
1110 12
1110 12
1120 12
1120 12
1120 12
1130 12
1130 12
1130 12
1140 12
1140 12
1140 12
1150 13
1150 12
1150 12
1160 12
1160 12
1160 12
1170 12
1170 12
1170 12
1180 12
1180 12
1180 12
1190 12
1190 13
1190 12
1200 13
1200 12
1200 12
1210 13
1210 12
1210 12
1220 13
1220 12
1220 12
1230 13
1230 12
1230 13
1240 12
1240 12
1240 12
1250 12
1250 13
1250 12
1260 13
1260 12
1260 12
1270 12
1270 12
1270 13
1280 13
1280 12
1280 12
1290 12
1290 13
1290 12
1300 12
1300 12
1300 13
1310 12
1310 12
1310 13
1320 13
1320 12
1320 12
1330 13
1330 12
1330 12
1340 12
1340 13
1340 12
1350 13
1350 12
1350 13
1360 13
1360 13
1360 13
1370 12
1370 13
1370 12
1380 13
1380 12
1380 12
1390 12
1390 12
1390 13
1400 13
1400 12
1400 12
1410 13
1410 12
1410 13
1420 13
1420 12
1420 13
1430 12
1430 13
1430 13
1440 13
1440 12
1440 13
1450 13
1450 12
1450 12
1460 13
1460 12
1460 13
1470 13
1470 13
1470 13
1480 13
1480 13
1480 12
1490 13
1490 13
1490 13
1500 13
1500 13
1500 13
1510 13
1510 13
1510 13
1520 13
1520 13
1520 13
1530 13
1530 13
1530 13
1540 13
1540 13
1540 12
1550 13
1550 13
1550 13
1560 13
1560 13
1560 13
1570 13
1570 13
1570 13
1580 13
1580 12
1580 13
1590 13
1590 13
1590 13
1600 13
1600 13
1600 13
1610 12
1610 13
1610 13
1620 13
1620 13
1620 13
1630 13
1630 13
1630 13
1640 13
1640 13
1640 13
1650 13
1650 13
1650 13
1660 13
1660 13
1660 13
1670 13
1670 13
1670 13
1680 13
1680 13
1680 13
1690 13
1690 13
1690 13
1700 13
1700 13
1700 13
1710 13
1710 13
1710 13
1720 13
1720 13
1720 13
1730 13
1730 13
1730 13
1740 13
1740 13
1740 13
1750 13
1750 13
1750 13
1760 13
1760 13
1760 13
1770 13
1770 13
1770 13
1780 13
1780 13
1780 13
1790 13
1790 13
1790 13
1800 13
1800 13
1800 13
1810 13
1810 13
1810 13
1820 13
1820 13
1820 13
1830 13
1830 13
1830 13
1840 13
1840 13
1840 13
1850 13
1850 13
1850 13
1860 13
1860 13
1860 13
1870 13
1870 13
1870 13
1880 13
1880 13
1880 13
1890 13
1890 13
1890 13
1900 13
1900 13
1900 13
1910 13
1910 13
1910 13
1920 13
1920 13
1920 13
1930 13
1930 13
1930 13
1940 13
1940 13
1940 13
1950 13
1950 13
1950 13
1960 13
1960 13
1960 13
1970 13
1970 13
1970 13
1980 13
1980 13
1980 13
1990 13
1990 13
1990 13
2000 13
2000 13
2000 13
2010 13
2010 13
2010 13
2020 13
2020 13
2020 13
2030 13
2030 13
2030 13
2040 13
2040 13
2040 13
2050 13
2050 13
2050 13
2060 13
2060 13
2060 13
2070 13
2070 13
2070 13
2080 13
2080 13
2080 13
2090 13
2090 14
2090 13
2100 13
2100 13
2100 14
2110 13
2110 13
2110 13
2120 13
2120 14
2120 13
2130 13
2130 14
2130 14
2140 13
2140 13
2140 13
2150 13
2150 13
2150 13
2160 13
2160 13
2160 13
2170 13
2170 13
2170 13
2180 14
2180 14
2180 13
2190 13
2190 13
2190 13
2200 13
2200 13
2200 13
2210 13
2210 13
2210 13
2220 14
2220 14
2220 13
2230 13
2230 13
2230 13
2240 14
2240 13
2240 13
2250 13
2250 13
2250 14
2260 13
2260 13
2260 13
2270 13
2270 13
2270 14
2280 13
2280 13
2280 14
2290 13
2290 14
2290 13
2300 13
2300 14
2300 13
2310 14
2310 13
2310 14
2320 13
2320 14
2320 13
2330 14
2330 14
2330 13
2340 13
2340 13
2340 13
2350 14
2350 13
2350 13
2360 13
2360 13
2360 13
2370 13
2370 13
2370 14
2380 14
2380 13
2380 13
2390 13
2390 13
2390 14
2400 13
2400 14
2400 13
2410 13
2410 13
2410 14
2420 14
2420 14
2420 13
2430 13
2430 13
2430 14
2440 13
2440 14
2440 13
2450 14
2450 14
2450 14
2460 14
2460 13
2460 13
2470 13
2470 13
2470 13
2480 14
2480 14
2480 14
2490 14
2490 13
2490 14
2500 14
2500 14
2500 13
2510 14
2510 14
2510 14
2520 14
2520 14
2520 13
2530 14
2530 14
2530 14
2540 13
2540 13
2540 14
2550 14
2550 14
2550 14
2560 14
2560 13
2560 14
2570 14
2570 14
2570 13
2580 14
2580 14
2580 14
2590 13
2590 13
2590 14
2600 14
2600 14
2600 14
2610 14
2610 14
2610 14
2620 14
2620 13
2620 14
2630 14
2630 14
2630 14
2640 14
2640 14
2640 14
2650 14
2650 13
2650 13
2660 14
2660 13
2660 14
2670 14
2670 14
2670 14
2680 13
2680 14
2680 13
2690 14
2690 14
2690 13
2700 13
2700 14
2700 14
2710 13
2710 14
2710 14
2720 14
2720 13
2720 14
2730 14
2730 14
2730 14
2740 13
2740 13
2740 14
2750 14
2750 14
2750 13
2760 14
2760 14
2760 14
2770 14
2770 14
2770 14
2780 14
2780 14
2780 14
2790 14
2790 14
2790 14
2800 14
2800 14
2800 14
2810 14
2810 14
2810 14
2820 14
2820 14
2820 14
2830 14
2830 14
2830 14
2840 14
2840 13
2840 14
2850 14
2850 14
2850 14
2860 14
2860 14
2860 14
2870 14
2870 14
2870 14
2880 14
2880 14
2880 14
2890 14
2890 14
2890 14
2900 14
2900 14
2900 14
2910 14
2910 14
2910 14
2920 14
2920 14
2920 14
2930 14
2930 14
2930 14
2940 14
2940 14
2940 14
2950 14
2950 14
2950 14
2960 14
2960 14
2960 14
2970 14
2970 14
2970 14
2980 14
2980 14
2980 14
2990 14
2990 14
2990 14
3000 14
3000 14
3000 14
3010 14
3010 14
3010 14
3020 14
3020 14
3020 14
3030 14
3030 14
3030 14
3040 14
3040 14
3040 14
3050 14
3050 14
3050 14
3060 14
3060 14
3060 14
3070 14
3070 14
3070 14
3080 14
3080 14
3080 14
3090 14
3090 14
3090 14
3100 14
3100 14
3100 14
3110 14
3110 14
3110 14
3120 14
3120 14
3120 14
3130 14
3130 14
3130 14
3140 14
3140 14
3140 14
3150 14
3150 14
3150 14
3160 14
3160 14
3160 14
3170 14
3170 14
3170 14
3180 14
3180 14
3180 14
3190 14
3190 14
3190 14
3200 14
3200 14
3200 14
3210 14
3210 14
3210 14
3220 14
3220 14
3220 14
3230 14
3230 14
3230 14
3240 14
3240 14
3240 14
3250 14
3250 14
3250 14
3260 14
3260 14
3260 14
3270 14
3270 14
3270 14
3280 14
3280 14
3280 14
3290 14
3290 14
3290 14
3300 14
3300 14
3300 14
3310 14
3310 14
3310 14
3320 14
3320 14
3320 14
3330 14
3330 14
3330 14
3340 14
3340 14
3340 14
3350 14
3350 14
3350 14
3360 14
3360 14
3360 14
3370 14
3370 14
3370 14
3380 14
3380 14
3380 14
3390 14
3390 14
3390 14
3400 14
3400 14
3400 14
3410 14
3410 14
3410 14
3420 14
3420 14
3420 14
3430 14
3430 14
3430 14
3440 14
3440 14
3440 14
3450 14
3450 14
3450 14
3460 14
3460 14
3460 14
3470 14
3470 14
3470 14
3480 14
3480 14
3480 14
3490 14
3490 14
3490 14
3500 14
3500 14
3500 14
3510 14
3510 14
3510 15
3520 14
3520 14
3520 14
3530 14
3530 14
3530 14
3540 14
3540 14
3540 14
3550 14
3550 14
3550 14
3560 14
3560 14
3560 14
3570 14
3570 14
3570 14
3580 14
3580 14
3580 14
3590 14
3590 14
3590 14
3600 14
3600 14
3600 14
3610 14
3610 15
3610 14
3620 14
3620 14
3620 15
3630 14
3630 14
3630 14
3640 14
3640 14
3640 14
3650 14
3650 14
3650 14
3660 14
3660 14
3660 14
3670 15
3670 14
3670 14
3680 14
3680 14
3680 14
3690 14
3690 14
3690 14
3700 15
3700 14
3700 15
3710 14
3710 14
3710 14
3720 14
3720 14
3720 14
3730 14
3730 14
3730 14
3740 14
3740 14
3740 14
3750 14
3750 15
3750 14
3760 14
3760 14
3760 14
3770 14
3770 14
3770 14
3780 14
3780 14
3780 15
3790 15
3790 14
3790 14
3800 14
3800 14
3800 14
3810 14
3810 14
3810 15
3820 14
3820 14
3820 14
3830 14
3830 14
3830 14
3840 15
3840 14
3840 14
3850 14
3850 14
3850 14
3860 14
3860 14
3860 14
3870 14
3870 14
3870 14
3880 14
3880 14
3880 15
3890 14
3890 15
3890 14
3900 15
3900 14
3900 15
3910 15
3910 15
3910 14
3920 15
3920 14
3920 14
3930 14
3930 14
3930 14
3940 14
3940 14
3940 14
3950 14
3950 14
3950 14
3960 14
3960 14
3960 14
3970 14
3970 15
3970 14
3980 14
3980 14
3980 14
3990 14
3990 14
3990 14
4000 14
4000 14
4000 14
4010 14
4010 14
4010 15
4020 14
4020 14
4020 14
4030 15
4030 14
4030 14
4040 14
4040 14
4040 14
4050 15
4050 14
4050 14
4060 15
4060 14
4060 14
4070 14
4070 14
4070 14
4080 14
4080 15
4080 14
4090 14
4090 14
4090 14
4100 15
4100 14
4100 15
4110 15
4110 14
4110 14
4120 14
4120 15
4120 14
4130 14
4130 15
4130 14
4140 15
4140 14
4140 15
4150 15
4150 15
4150 14
4160 15
4160 15
4160 14
4170 14
4170 15
4170 14
4180 14
4180 14
4180 14
4190 15
4190 14
4190 15
4200 15
4200 14
4200 14
4210 14
4210 15
4210 14
4220 15
4220 14
4220 14
4230 14
4230 14
4230 14
4240 14
4240 15
4240 14
4250 14
4250 14
4250 14
4260 15
4260 14
4260 14
4270 15
4270 15
4270 14
4280 15
4280 15
4280 15
4290 14
4290 14
4290 15
4300 14
4300 15
4300 15
4310 14
4310 15
4310 14
4320 15
4320 14
4320 15
4330 15
4330 14
4330 15
4340 14
4340 14
4340 15
4350 15
4350 15
4350 15
4360 14
4360 15
4360 14
4370 14
4370 15
4370 15
4380 14
4380 15
4380 15
4390 14
4390 15
4390 14
4400 14
4400 15
4400 14
4410 14
4410 14
4410 15
4420 15
4420 14
4420 15
4430 15
4430 15
4430 14
4440 14
4440 15
4440 15
4450 15
4450 14
4450 15
4460 15
4460 15
4460 15
4470 14
4470 15
4470 14
4480 15
4480 14
4480 15
4490 15
4490 14
4490 14
4500 14
4500 14
4500 15
4510 14
4510 15
4510 15
4520 14
4520 15
4520 15
4530 15
4530 15
4530 15
4540 14
4540 15
4540 15
4550 15
4550 14
4550 15
4560 14
4560 15
4560 15
4570 15
4570 15
4570 15
4580 15
4580 14
4580 14
4590 15
4590 15
4590 15
4600 15
4600 14
4600 14
4610 15
4610 14
4610 14
4620 15
4620 15
4620 15
4630 15
4630 15
4630 14
4640 14
4640 14
4640 15
4650 14
4650 15
4650 15
4660 14
4660 15
4660 14
4670 15
4670 14
4670 14
4680 15
4680 15
4680 15
4690 15
4690 14
4690 15
4700 14
4700 15
4700 14
4710 15
4710 15
4710 14
4720 15
4720 15
4720 15
4730 15
4730 14
4730 15
4740 15
4740 15
4740 15
4750 14
4750 15
4750 15
4760 15
4760 15
4760 14
4770 15
4770 15
4770 15
4780 15
4780 15
4780 15
4790 15
4790 15
4790 15
4800 15
4800 15
4800 15
4810 14
4810 15
4810 15
4820 15
4820 15
4820 15
4830 15
4830 15
4830 15
4840 15
4840 15
4840 15
4850 14
4850 15
4850 15
4860 15
4860 15
4860 15
4870 15
4870 15
4870 15
4880 15
4880 15
4880 14
4890 15
4890 15
4890 15
4900 15
4900 15
4900 15
4910 15
4910 15
4910 14
4920 15
4920 15
4920 15
4930 15
4930 15
4930 15
4940 15
4940 15
4940 15
4950 15
4950 15
4950 15
4960 15
4960 15
4960 15
4970 15
4970 14
4970 14
4980 15
4980 15
4980 15
4990 15
4990 15
4990 15
5000 15
5000 15
5000 15
5010 15
5010 15
5010 15
5020 15
5020 15
5020 15
5030 15
5030 15
5030 15
5040 15
5040 15
5040 15
5050 15
5050 15
5050 15
5060 15
5060 15
5060 15
5070 15
5070 15
5070 15
5080 15
5080 15
5080 15
5090 15
5090 15
5090 15
5100 15
5100 15
5100 14
5110 15
5110 15
5110 15
5120 15
5120 14
5120 15
5130 15
5130 15
5130 15
5140 15
5140 15
5140 15
5150 15
5150 15
5150 15
5160 15
5160 15
5160 15
5170 15
5170 15
5170 15
5180 15
5180 15
5180 15
5190 15
5190 15
5190 15
5200 15
5200 15
5200 15
5210 15
5210 15
5210 15
5220 15
5220 15
5220 15
5230 15
5230 15
5230 15
5240 15
5240 15
5240 15
5250 15
5250 15
5250 15
5260 15
5260 15
5260 15
5270 15
5270 15
5270 15
5280 15
5280 15
5280 15
5290 15
5290 15
5290 15
5300 15
5300 15
5300 15
5310 15
5310 15
5310 15
5320 15
5320 15
5320 15
5330 15
5330 15
5330 15
5340 15
5340 15
5340 15
5350 15
5350 15
5350 15
5360 15
5360 15
5360 15
5370 15
5370 14
5370 15
5380 15
5380 15
5380 15
5390 15
5390 15
5390 15
5400 15
5400 15
5400 15
5410 15
5410 15
5410 15
5420 15
5420 15
5420 15
5430 15
5430 15
5430 15
5440 15
5440 15
5440 15
5450 15
5450 15
5450 15
5460 15
5460 15
5460 15
5470 15
5470 15
5470 15
5480 15
5480 15
5480 15
5490 15
5490 15
5490 15
5500 15
5500 15
5500 15
5510 15
5510 15
5510 15
5520 15
5520 15
5520 15
5530 15
5530 15
5530 15
5540 15
5540 15
5540 15
5550 15
5550 15
5550 15
5560 15
5560 15
5560 15
5570 15
5570 15
5570 15
5580 15
5580 15
5580 15
5590 15
5590 15
5590 15
5600 15
5600 15
5600 15
5610 15
5610 15
5610 15
5620 15
5620 15
5620 15
5630 15
5630 15
5630 15
5640 15
5640 15
5640 15
5650 15
5650 15
5650 15
5660 15
5660 15
5660 15
5670 15
5670 15
5670 15
5680 15
5680 15
5680 15
5690 15
5690 15
5690 15
5700 15
5700 15
5700 15
5710 15
5710 15
5710 15
5720 15
5720 15
5720 15
5730 15
5730 15
5730 15
5740 15
5740 15
5740 15
5750 15
5750 15
5750 15
5760 15
5760 15
5760 15
5770 15
5770 15
5770 15
5780 15
5780 15
5780 15
5790 15
5790 15
5790 15
5800 15
5800 15
5800 15
5810 15
5810 15
5810 15
5820 15
5820 15
5820 15
5830 15
5830 15
5830 15
5840 16
5840 15
5840 15
5850 15
5850 15
5850 15
5860 15
5860 15
5860 15
5870 15
5870 15
5870 15
5880 15
5880 15
5880 15
5890 15
5890 15
5890 15
5900 15
5900 15
5900 15
5910 15
5910 15
5910 15
5920 15
5920 15
5920 15
5930 15
5930 15
5930 15
5940 15
5940 15
5940 15
5950 15
5950 15
5950 15
5960 15
5960 15
5960 15
5970 15
5970 15
5970 15
5980 15
5980 15
5980 15
5990 15
5990 15
5990 15
6000 15
6000 15
6000 15
6010 15
6010 15
6010 15
6020 15
6020 15
6020 15
6030 15
6030 15
6030 15
6040 15
6040 15
6040 15
6050 15
6050 15
6050 15
6060 15
6060 15
6060 15
6070 15
6070 15
6070 15
6080 15
6080 15
6080 15
6090 15
6090 15
6090 15
6100 15
6100 15
6100 15
6110 15
6110 15
6110 15
6120 15
6120 15
6120 15
6130 15
6130 15
6130 15
6140 15
6140 15
6140 15
6150 15
6150 15
6150 15
6160 15
6160 15
6160 15
6170 15
6170 15
6170 15
6180 15
6180 15
6180 15
6190 15
6190 15
6190 15
6200 15
6200 15
6200 15
6210 15
6210 15
6210 15
6220 15
6220 15
6220 15
6230 15
6230 15
6230 15
6240 15
6240 15
6240 15
6250 15
6250 15
6250 16
6260 15
6260 15
6260 15
6270 15
6270 15
6270 15
6280 15
6280 15
6280 15
6290 16
6290 15
6290 15
6300 15
6300 15
6300 15
6310 15
6310 15
6310 15
6320 15
6320 15
6320 15
6330 15
6330 15
6330 16
6340 15
6340 15
6340 15
6350 16
6350 15
6350 15
6360 15
6360 15
6360 15
6370 15
6370 15
6370 15
6380 15
6380 15
6380 15
6390 15
6390 15
6390 15
6400 15
6400 15
6400 15
6410 15
6410 15
6410 15
6420 16
6420 15
6420 15
6430 15
6430 15
6430 15
6440 15
6440 15
6440 15
6450 15
6450 15
6450 15
6460 15
6460 15
6460 15
6470 15
6470 15
6470 15
6480 15
6480 15
6480 15
6490 15
6490 15
6490 15
6500 15
6500 15
6500 15
6510 15
6510 15
6510 15
6520 15
6520 15
6520 15
6530 15
6530 15
6530 15
6540 15
6540 15
6540 15
6550 15
6550 15
6550 15
6560 15
6560 15
6560 15
6570 15
6570 15
6570 15
6580 15
6580 15
6580 15
6590 15
6590 15
6590 15
6600 15
6600 15
6600 15
6610 15
6610 15
6610 15
6620 15
6620 15
6620 15
6630 15
6630 15
6630 15
6640 15
6640 15
6640 15
6650 15
6650 15
6650 15
6660 15
6660 15
6660 15
6670 15
6670 15
6670 15
6680 15
6680 15
6680 15
6690 15
6690 16
6690 15
6700 15
6700 15
6700 15
6710 15
6710 15
6710 15
6720 15
6720 15
6720 15
6730 15
6730 15
6730 15
6740 15
6740 15
6740 15
6750 15
6750 15
6750 15
6760 15
6760 15
6760 15
6770 15
6770 16
6770 15
6780 15
6780 15
6780 15
6790 15
6790 15
6790 15
6800 15
6800 16
6800 16
6810 16
6810 15
6810 15
6820 15
6820 16
6820 15
6830 15
6830 15
6830 15
6840 16
6840 15
6840 15
6850 15
6850 16
6850 15
6860 16
6860 15
6860 15
6870 15
6870 15
6870 15
6880 15
6880 15
6880 15
6890 15
6890 15
6890 15
6900 15
6900 15
6900 15
6910 15
6910 15
6910 15
6920 15
6920 15
6920 15
6930 15
6930 16
6930 15
6940 15
6940 15
6940 15
6950 16
6950 15
6950 15
6960 15
6960 15
6960 15
6970 15
6970 15
6970 16
6980 16
6980 15
6980 15
6990 15
6990 15
6990 15
7000 15
7000 15
7000 15
7010 15
7010 15
7010 16
7020 15
7020 15
7020 15
7030 16
7030 15
7030 15
7040 15
7040 15
7040 15
7050 15
7050 16
7050 15
7060 15
7060 15
7060 16
7070 15
7070 15
7070 15
7080 15
7080 15
7080 15
7090 15
7090 15
7090 15
7100 15
7100 16
7100 15
7110 15
7110 16
7110 16
7120 15
7120 16
7120 15
7130 15
7130 15
7130 15
7140 15
7140 15
7140 16
7150 15
7150 15
7150 16
7160 15
7160 16
7160 15
7170 16
7170 15
7170 16
7180 15
7180 15
7180 16
7190 15
7190 15
7190 16
7200 15
7200 15
7200 15
7210 16
7210 16
7210 15
7220 15
7220 15
7220 15
7230 15
7230 15
7230 15
7240 15
7240 16
7240 15
7250 15
7250 15
7250 15
7260 15
7260 16
7260 15
7270 15
7270 16
7270 15
7280 15
7280 16
7280 15
7290 15
7290 15
7290 15
7300 15
7300 15
7300 16
7310 15
7310 15
7310 15
7320 16
7320 15
7320 15
7330 16
7330 15
7330 15
7340 15
7340 15
7340 15
7350 15
7350 15
7350 15
7360 15
7360 15
7360 15
7370 16
7370 15
7370 15
7380 16
7380 15
7380 15
7390 16
7390 15
7390 15
7400 16
7400 15
7400 15
7410 15
7410 16
7410 15
7420 15
7420 16
7420 15
7430 16
7430 15
7430 16
7440 16
7440 15
7440 16
7450 15
7450 15
7450 16
7460 15
7460 15
7460 15
7470 15
7470 16
7470 15
7480 15
7480 15
7480 15
7490 15
7490 15
7490 15
7500 15
7500 16
7500 15
7510 15
7510 16
7510 15
7520 15
7520 15
7520 16
7530 16
7530 15
7530 15
7540 15
7540 16
7540 15
7550 15
7550 15
7550 16
7560 15
7560 16
7560 15
7570 16
7570 16
7570 16
7580 16
7580 15
7580 15
7590 16
7590 16
7590 15
7600 15
7600 15
7600 16
7610 15
7610 16
7610 16
7620 16
7620 15
7620 15
7630 15
7630 15
7630 15
7640 15
7640 16
7640 16
7650 15
7650 15
7650 15
7660 15
7660 15
7660 16
7670 15
7670 15
7670 15
7680 15
7680 16
7680 15
7690 15
7690 16
7690 16
7700 15
7700 15
7700 15
7710 15
7710 15
7710 15
7720 15
7720 16
7720 15
7730 15
7730 15
7730 15
7740 16
7740 16
7740 15
7750 16
7750 16
7750 15
7760 15
7760 16
7760 15
7770 16
7770 16
7770 16
7780 16
7780 15
7780 16
7790 16
7790 16
7790 15
7800 15
7800 15
7800 16
7810 16
7810 15
7810 15
7820 15
7820 15
7820 16
7830 16
7830 16
7830 15
7840 15
7840 16
7840 15
7850 16
7850 15
7850 15
7860 15
7860 16
7860 16
7870 16
7870 15
7870 15
7880 15
7880 15
7880 16
7890 16
7890 16
7890 15
7900 15
7900 15
7900 15
7910 16
7910 15
7910 16
7920 15
7920 16
7920 16
7930 16
7930 16
7930 15
7940 16
7940 16
7940 16
7950 16
7950 15
7950 16
7960 15
7960 15
7960 16
7970 16
7970 15
7970 16
7980 15
7980 15
7980 16
7990 15
7990 16
7990 15
8000 16
8000 16
8000 15
8010 15
8010 15
8010 15
8020 16
8020 15
8020 15
8030 15
8030 15
8030 15
8040 16
8040 15
8040 16
8050 16
8050 16
8050 16
8060 16
8060 16
8060 16
8070 16
8070 15
8070 15
8080 15
8080 16
8080 16
8090 16
8090 16
8090 16
8100 16
8100 16
8100 16
8110 15
8110 16
8110 16
8120 15
8120 15
8120 16
8130 16
8130 16
8130 15
8140 16
8140 15
8140 15
8150 15
8150 15
8150 16
8160 15
8160 15
8160 15
8170 16
8170 16
8170 16
8180 15
8180 15
8180 16
8190 16
8190 16
8190 15
8200 16
8200 16
8200 16
8210 15
8210 16
8210 15
8220 16
8220 15
8220 15
8230 16
8230 16
8230 16
8240 16
8240 16
8240 16
8250 16
8250 16
8250 15
8260 15
8260 16
8260 16
8270 16
8270 15
8270 16
8280 16
8280 16
8280 16
8290 16
8290 16
8290 16
8300 16
8300 16
8300 16
8310 16
8310 16
8310 15
8320 15
8320 16
8320 16
8330 16
8330 16
8330 15
8340 16
8340 16
8340 16
8350 16
8350 15
8350 16
8360 16
8360 16
8360 16
8370 15
8370 16
8370 16
8380 15
8380 15
8380 15
8390 16
8390 15
8390 15
8400 16
8400 15
8400 16
8410 16
8410 16
8410 16
8420 16
8420 16
8420 16
8430 16
8430 16
8430 16
8440 15
8440 16
8440 16
8450 15
8450 16
8450 16
8460 15
8460 16
8460 16
8470 16
8470 16
8470 16
8480 15
8480 16
8480 16
8490 16
8490 15
8490 16
8500 16
8500 15
8500 16
8510 16
8510 16
8510 15
8520 16
8520 16
8520 15
8530 16
8530 15
8530 16
8540 16
8540 16
8540 15
8550 16
8550 16
8550 16
8560 15
8560 16
8560 16
8570 15
8570 16
8570 16
8580 16
8580 16
8580 16
8590 15
8590 15
8590 16
8600 16
8600 16
8600 16
8610 16
8610 16
8610 16
8620 16
8620 16
8620 16
8630 15
8630 15
8630 16
8640 16
8640 16
8640 16
8650 16
8650 16
8650 16
8660 15
8660 16
8660 16
8670 16
8670 16
8670 16
8680 16
8680 15
8680 15
8690 16
8690 16
8690 15
8700 16
8700 16
8700 16
8710 16
8710 16
8710 16
8720 16
8720 15
8720 16
8730 16
8730 16
8730 16
8740 16
8740 16
8740 16
8750 16
8750 16
8750 16
8760 15
8760 16
8760 16
8770 16
8770 15
8770 16
8780 16
8780 16
8780 16
8790 16
8790 16
8790 16
8800 16
8800 16
8800 16
8810 16
8810 16
8810 16
8820 15
8820 16
8820 16
8830 16
8830 16
8830 16
8840 16
8840 16
8840 16
8850 16
8850 16
8850 16
8860 16
8860 15
8860 16
8870 16
8870 16
8870 16
8880 16
8880 16
8880 16
8890 16
8890 16
8890 16
8900 16
8900 16
8900 16
8910 16
8910 15
8910 16
8920 16
8920 16
8920 15
8930 16
8930 16
8930 16
8940 16
8940 16
8940 16
8950 16
8950 16
8950 16
8960 16
8960 16
8960 16
8970 16
8970 16
8970 16
8980 16
8980 16
8980 16
8990 16
8990 16
8990 16
9000 16
9000 16
9000 16
9010 15
9010 15
9010 16
9020 16
9020 16
9020 16
9030 16
9030 16
9030 16
9040 16
9040 16
9040 16
9050 16
9050 16
9050 16
9060 16
9060 16
9060 16
9070 16
9070 16
9070 16
9080 16
9080 16
9080 15
9090 16
9090 16
9090 16
9100 16
9100 16
9100 16
9110 16
9110 16
9110 16
9120 16
9120 16
9120 16
9130 16
9130 16
9130 16
9140 16
9140 16
9140 16
9150 16
9150 16
9150 16
9160 16
9160 16
9160 16
9170 15
9170 16
9170 16
9180 15
9180 16
9180 16
9190 16
9190 16
9190 16
9200 16
9200 16
9200 16
9210 16
9210 16
9210 16
9220 16
9220 16
9220 16
9230 16
9230 16
9230 16
9240 16
9240 16
9240 16
9250 16
9250 16
9250 16
9260 16
9260 15
9260 16
9270 16
9270 16
9270 16
9280 16
9280 15
9280 16
9290 16
9290 16
9290 16
9300 16
9300 16
9300 16
9310 16
9310 16
9310 16
9320 16
9320 16
9320 16
9330 16
9330 16
9330 16
9340 16
9340 16
9340 16
9350 16
9350 16
9350 16
9360 16
9360 16
9360 16
9370 16
9370 16
9370 16
9380 16
9380 16
9380 16
9390 16
9390 16
9390 16
9400 16
9400 16
9400 16
9410 16
9410 16
9410 16
9420 16
9420 16
9420 16
9430 16
9430 16
9430 16
9440 16
9440 16
9440 16
9450 16
9450 16
9450 16
9460 16
9460 16
9460 16
9470 16
9470 16
9470 16
9480 16
9480 16
9480 16
9490 16
9490 16
9490 16
9500 16
9500 16
9500 16
9510 16
9510 16
9510 16
9520 16
9520 16
9520 16
9530 16
9530 16
9530 16
9540 16
9540 16
9540 16
9550 16
9550 15
9550 16
9560 16
9560 16
9560 16
9570 16
9570 16
9570 16
9580 16
9580 16
9580 16
9590 16
9590 16
9590 16
9600 16
9600 16
9600 16
9610 16
9610 16
9610 16
9620 16
9620 16
9620 16
9630 16
9630 16
9630 16
9640 16
9640 16
9640 16
9650 16
9650 16
9650 16
9660 16
9660 16
9660 16
9670 16
9670 16
9670 16
9680 16
9680 16
9680 16
9690 16
9690 16
9690 16
9700 16
9700 16
9700 16
9710 16
9710 16
9710 16
9720 16
9720 16
9720 16
9730 16
9730 16
9730 16
9740 16
9740 16
9740 16
9750 16
9750 16
9750 16
9760 16
9760 16
9760 16
9770 16
9770 16
9770 16
9780 15
9780 16
9780 16
9790 16
9790 16
9790 16
9800 16
9800 16
9800 16
9810 16
9810 16
9810 16
9820 16
9820 16
9820 16
9830 16
9830 16
9830 16
9840 16
9840 16
9840 16
9850 16
9850 16
9850 16
9860 16
9860 16
9860 16
9870 16
9870 16
9870 16
9880 16
9880 16
9880 16
9890 16
9890 16
9890 16
9900 16
9900 16
9900 16
9910 16
9910 16
9910 16
9920 16
9920 16
9920 16
9930 16
9930 16
9930 16
9940 16
9940 16
9940 16
9950 16
9950 16
9950 16
9960 16
9960 16
9960 16
9970 16
9970 16
9970 16
9980 16
9980 16
9980 16
9990 16
9990 16
9990 16
10000 16
10000 16
10000 16
